301 191 1 
301 204 3 
301 269 3 
301 283 3 
301 423 3 
301 484 1 
301 515 2 
301 604 4 
302 243 3 
302 269 5 
302 286 5 
302 313 5 
302 315 3 
302 326 1 
302 328 5 
302 333 3 
302 678 4 
303 258 2 
303 268 4 
303 269 3 
303 294 1 
303 300 1 
303 303 3 
303 305 2 
303 325 4 
303 333 1 
303 340 3 
303 682 1 
303 995 2 
304 64 1 
304 143 1 
304 194 3 
304 245 4 
304 286 4 
304 418 2 
304 480 1 
304 492 2 
304 604 3 
304 606 1 
304 705 4 
305 137 5 
305 272 5 
305 327 1 
305 650 5 
305 651 5 
305 750 5 
305 886 5 
306 121 2 
306 126 5 
306 127 1 
306 151 3 
306 252 4 
306 289 4 
306 405 4 
306 924 4 
307 111 3 
307 118 5 
307 181 4 
307 220 2 
307 252 1 
307 258 4 
307 298 4 
307 301 1 
307 471 5 
307 476 2 
307 546 4 
307 845 4 
307 926 4 
308 245 4 
308 288 4 
308 300 1 
308 873 5 
308 879 5 
309 268 1 
309 270 5 
309 292 1 
309 300 1 
309 302 1 
309 310 1 
309 313 1 
309 332 1 
309 346 5 
309 682 2 
309 690 2 
309 880 4 
310 21 5 
310 94 4 
310 181 1 
310 240 3 
310 300 4 
310 596 4 
310 597 1 
311 64 2 
311 111 3 
311 151 5 
311 251 3 
311 257 4 
311 272 3 
311 750 4 
311 751 1 
312 1 4 
312 9 3 
312 100 3 
312 129 3 
312 268 1 
312 276 4 
312 286 1 
312 300 1 
312 742 5 
313 243 3 
313 286 4 
313 288 4 
313 310 1 
313 313 5 
313 315 3 
313 323 3 
313 333 1 
313 748 3 
314 258 5 
314 272 1 
314 288 1 
314 319 3 
314 362 4 
314 882 2 
314 891 2 
315 243 4 
315 259 5 
315 288 4 
315 294 3 
315 321 5 
315 339 5 
315 342 2 
315 359 5 
315 410 3 
315 597 1 
315 687 5 
315 875 2 
315 988 5 
316 14 4 
316 237 1 
316 245 3 
316 272 3 
316 313 1 
316 321 5 
316 676 1 
317 272 2 
317 315 5 
317 316 2 
317 319 3 
317 345 4 
318 98 5 
318 173 3 
318 245 2 
318 269 5 
318 286 5 
318 288 1 
318 294 3 
318 301 2 
318 313 5 
318 315 4 
318 347 1 
318 752 1 
319 271 2 
319 288 3 
319 289 3 
319 301 3 
319 304 2 
319 308 1 
319 310 5 
319 331 1 
319 338 2 
319 877 3 
319 938 2 
319 989 3 
320 269 4 
320 271 3 
320 288 4 
320 294 1 
320 300 4 
320 305 2 
320 325 3 
320 327 5 
320 333 1 
320 343 1 
320 890 4 
321 100 4 
321 150 2 
321 151 2 
321 168 3 
321 191 4 
321 194 4 
321 198 3 
321 205 2 
321 222 4 
321 276 4 
321 288 2 
321 313 3 
321 682 4 
321 902 1 
322 1 4 
322 24 1 
322 147 1 
322 254 4 
322 405 1 
322 410 4 
322 471 3 
322 473 5 
322 742 5 
323 100 1 
323 264 5 
323 328 5 
323 456 5 
323 687 3 
323 876 1 
323 881 1 
323 948 5 
324 245 4 
324 270 3 
324 289 2 
324 294 3 
324 309 2 
324 322 4 
324 328 5 
324 879 5 
325 237 3 
325 271 1 
325 278 2 
325 288 5 
325 298 1 
325 300 5 
325 313 1 
325 328 1 
325 343 5 
325 682 5 
325 742 3 
325 763 5 
326 13 2 
326 25 3 
326 100 5 
326 111 2 
326 116 3 
326 150 2 
326 235 1 
326 283 3 
326 306 5 
326 476 1 
326 756 3 
327 258 2 
327 300 2 
327 303 3 
327 319 3 
327 333 4 
327 334 3 
328 14 2 
328 50 4 
328 222 1 
328 258 4 
328 748 3 
328 832 1 
328 845 3 
329 245 5 
329 264 3 
329 268 1 
329 322 2 
329 323 2 
329 328 3 
329 354 3 
329 678 1 
329 748 5 
329 879 5 
330 259 2 
330 267 1 
330 268 1 
330 301 3 
330 306 5 
330 333 2 
330 338 3 
330 346 4 
330 682 3 
330 751 1 
330 879 4 
331 1 4 
331 5 2 
331 7 3 
331 8 4 
331 9 1 
331 11 1 
331 12 4 
331 22 4 
331 31 5 
331 38 2 
331 53 5 
331 54 4 
331 56 2 
331 70 3 
331 73 2 
331 77 5 
331 79 4 
331 82 1 
331 95 3 
331 96 1 
331 97 3 
331 98 2 
331 105 5 
331 106 5 
331 117 4 
331 118 2 
331 120 3 
331 121 5 
331 122 3 
331 123 1 
331 125 2 
331 127 5 
331 144 2 
331 156 3 
331 159 1 
331 172 3 
331 174 2 
331 181 3 
331 182 1 
331 204 1 
331 210 4 
331 218 5 
331 222 4 
331 227 5 
331 228 3 
331 229 2 
331 230 3 
331 232 2 
331 233 5 
331 234 1 
331 235 1 
331 237 5 
331 240 5 
331 249 5 
331 255 4 
331 257 4 
331 258 2 
331 264 5 
331 265 1 
331 271 3 
331 273 2 
331 282 1 
331 288 1 
331 291 1 
331 293 2 
331 294 3 
331 295 1 
331 298 2 
331 300 4 
331 307 5 
331 313 5 
331 322 2 
331 323 1 
331 326 5 
331 327 3 
331 328 5 
331 332 4 
331 333 5 
331 342 2 
331 356 1 
331 369 3 
331 370 3 
331 405 1 
331 406 2 
331 409 5 
331 410 4 
331 449 4 
331 450 3 
331 451 3 
331 452 2 
331 456 3 
331 470 4 
331 546 3 
331 566 4 
331 595 2 
331 597 4 
331 628 4 
331 651 3 
331 655 4 
331 660 5 
331 673 4 
331 679 3 
331 684 1 
331 693 1 
331 696 5 
331 728 4 
331 746 5 
331 756 4 
331 763 4 
331 770 4 
331 815 2 
331 824 3 
331 827 3 
331 831 3 
331 833 1 
331 840 5 
331 841 1 
331 845 4 
331 866 1 
331 871 5 
331 879 5 
331 895 1 
331 928 3 
331 931 3 
331 934 5 
331 975 4 
331 978 2 
331 982 4 
331 983 5 
332 88 1 
332 153 2 
332 168 4 
332 180 2 
332 186 4 
332 269 5 
332 294 1 
332 315 2 
332 316 1 
332 435 4 
332 513 2 
332 748 2 
332 873 5 
333 4 5 
333 7 5 
333 8 4 
333 9 2 
333 12 4 
333 13 3 
333 19 3 
333 20 3 
333 22 4 
333 23 5 
333 28 4 
333 42 1 
333 50 2 
333 52 5 
333 56 4 
333 58 4 
333 59 4 
333 61 5 
333 68 2 
333 69 4 
333 70 4 
333 72 5 
333 73 2 
333 74 5 
333 77 2 
333 79 1 
333 81 3 
333 86 5 
333 89 4 
333 91 4 
333 93 5 
333 95 1 
333 98 4 
333 100 2 
333 111 2 
333 115 4 
333 116 5 
333 117 4 
333 124 1 
333 125 2 
333 127 3 
333 131 2 
333 132 3 
333 134 4 
333 135 2 
333 143 4 
333 150 2 
333 153 4 
333 154 4 
333 155 3 
333 160 3 
333 163 3 
333 164 3 
333 168 1 
333 169 4 
333 170 2 
333 171 5 
333 172 2 
333 173 2 
333 174 1 
333 175 5 
333 176 4 
333 181 1 
333 182 3 
333 183 1 
333 185 1 
333 186 2 
333 191 1 
333 196 4 
333 197 3 
333 200 1 
333 203 2 
333 204 1 
333 207 1 
333 210 5 
333 213 4 
333 216 4 
333 217 1 
333 220 1 
333 221 1 
333 222 5 
333 223 1 
333 224 3 
333 225 1 
333 227 5 
333 228 3 
333 229 1 
333 230 3 
333 231 1 
333 235 3 
333 237 2 
333 238 1 
333 239 4 
333 244 1 
333 245 2 
333 248 1 
333 250 2 
333 255 4 
333 257 4 
333 258 4 
333 265 2 
333 268 1 
333 269 3 
333 271 5 
333 272 4 
333 275 3 
333 276 1 
333 277 4 
333 282 2 
333 283 1 
333 285 3 
333 286 2 
333 287 3 
333 288 2 
333 289 5 
333 293 1 
333 297 3 
333 300 3 
333 301 5 
333 303 5 
333 305 3 
333 306 4 
333 310 5 
333 311 3 
333 312 3 
333 313 4 
333 315 5 
333 316 4 
333 317 2 
333 318 4 
333 319 1 
333 322 5 
333 324 2 
333 326 2 
333 328 2 
333 333 5 
333 337 4 
333 338 2 
333 340 4 
333 345 5 
333 346 5 
333 347 2 
333 371 4 
333 396 3 
333 405 3 
333 408 1 
333 421 4 
333 423 2 
333 425 3 
333 428 1 
333 429 3 
333 430 5 
333 433 1 
333 436 3 
333 443 1 
333 449 3 
333 450 3 
333 461 4 
333 462 5 
333 474 1 
333 475 4 
333 476 3 
333 481 3 
333 483 2 
333 484 5 
333 485 3 
333 488 1 
333 494 3 
333 498 5 
333 500 1 
333 502 1 
333 505 2 
333 506 5 
333 508 5 
333 510 2 
333 512 1 
333 514 4 
333 515 4 
333 521 1 
333 525 3 
333 529 2 
333 537 4 
333 553 1 
333 558 3 
333 566 3 
333 577 1 
333 582 5 
333 591 2 
333 603 4 
333 606 4 
333 607 5 
333 620 4 
333 628 1 
333 629 3 
333 631 2 
333 634 2 
333 635 1 
333 640 4 
333 642 2 
333 652 4 
333 655 4 
333 657 5 
333 658 5 
333 663 4 
333 675 5 
333 678 1 
333 684 5 
333 689 5 
333 693 1 
333 707 3 
333 708 5 
333 709 2 
333 710 3 
333 712 1 
333 716 4 
333 736 5 
333 740 5 
333 742 3 
333 744 2 
333 746 1 
333 753 1 
333 762 1 
333 792 4 
333 815 1 
333 840 1 
333 845 2 
333 846 4 
333 855 3 
333 856 2 
333 865 3 
333 870 1 
333 877 2 
333 879 4 
333 886 3 
333 887 4 
333 888 4 
333 896 1 
333 899 1 
333 902 2 
333 905 1 
333 906 1 
333 922 4 
333 931 5 
333 936 1 
333 937 3 
333 945 5 
333 950 4 
333 955 5 
333 961 4 
333 969 4 
334 245 5 
334 258 1 
334 269 1 
334 288 3 
334 307 1 
334 313 4 
334 324 4 
334 342 2 
334 347 3 
334 748 5 
334 902 4 
335 3 2 
335 4 5 
335 13 3 
335 15 2 
335 26 5 
335 33 4 
335 41 2 
335 42 4 
335 49 3 
335 56 1 
335 66 3 
335 67 2 
335 88 1 
335 94 1 
335 100 3 
335 105 1 
335 111 3 
335 117 4 
335 121 1 
335 122 3 
335 124 4 
335 125 3 
335 151 4 
335 153 2 
335 154 5 
335 158 4 
335 168 3 
335 186 4 
335 202 4 
335 208 3 
335 216 5 
335 232 1 
335 237 3 
335 239 1 
335 275 1 
335 276 3 
335 282 1 
335 284 1 
335 290 2 
335 367 2 
335 383 5 
335 388 1 
335 395 1 
335 401 2 
335 405 1 
335 410 3 
335 451 3 
335 475 1 
335 546 3 
335 571 2 
335 577 3 
335 619 1 
335 628 4 
335 655 2 
335 692 3 
335 710 3 
335 722 1 
335 732 3 
335 738 2 
335 742 5 
335 762 3 
335 763 4 
335 765 1 
335 780 5 
335 781 1 
335 785 4 
335 790 5 
335 796 5 
335 824 1 
335 859 1 
335 864 5 
335 959 4 
335 998 5 
335 999 2 
336 15 2 
336 50 2 
336 106 3 
336 121 1 
336 127 4 
336 181 5 
336 228 3 
336 230 5 
336 235 4 
336 257 2 
336 371 2 
336 380 3 
336 392 3 
336 515 5 
336 520 5 
336 631 3 
336 742 4 
336 831 3 
337 1 4 
337 56 3 
337 79 4 
337 83 4 
337 132 1 
337 133 4 
337 134 2 
337 135 4 
337 168 3 
337 170 1 
337 174 3 
337 175 2 
337 180 4 
337 189 4 
337 194 2 
337 204 5 
337 208 4 
337 211 2 
337 212 2 
337 213 4 
337 215 4 
337 216 2 
337 269 4 
337 294 4 
337 301 3 
337 306 3 
337 310 4 
337 435 1 
337 443 3 
337 462 3 
337 474 4 
337 480 1 
337 483 1 
337 484 4 
337 486 2 
337 488 4 
337 490 2 
337 494 4 
337 498 3 
337 511 5 
337 513 3 
337 514 3 
337 516 1 
337 523 2 
337 525 5 
337 582 1 
337 604 1 
337 607 2 
337 613 3 
337 650 2 
337 654 4 
337 708 1 
337 792 1 
337 945 4 
338 1 5 
338 4 4 
338 5 5 
338 7 3 
338 11 2 
338 12 3 
338 22 2 
338 23 5 
338 25 4 
338 28 5 
338 29 5 
338 30 2 
338 32 1 
338 42 3 
338 47 1 
338 50 5 
338 55 5 
338 56 4 
338 58 5 
338 64 4 
338 65 2 
338 67 3 
338 69 2 
338 73 1 
338 74 2 
338 76 5 
338 79 5 
338 80 1 
338 81 2 
338 82 4 
338 86 5 
338 88 3 
338 89 3 
338 91 3 
338 97 3 
338 98 5 
338 100 2 
338 101 3 
338 117 4 
338 121 4 
338 124 4 
338 126 5 
338 127 4 
338 130 3 
338 131 1 
338 132 2 
338 133 3 
338 134 4 
338 135 5 
338 136 4 
338 139 3 
338 144 1 
338 145 5 
338 150 1 
338 151 5 
338 153 1 
338 154 5 
338 156 2 
338 157 2 
338 159 4 
338 160 2 
338 161 5 
338 163 2 
338 167 2 
338 168 5 
338 170 2 
338 174 3 
338 175 2 
338 179 3 
338 180 1 
338 181 3 
338 183 5 
338 186 5 
338 188 2 
338 190 2 
338 191 2 
338 192 4 
338 194 3 
338 195 1 
338 196 3 
338 197 1 
338 198 2 
338 199 5 
338 203 2 
338 204 1 
338 205 2 
338 208 5 
338 209 5 
338 214 4 
338 222 3 
338 226 5 
338 227 2 
338 228 1 
338 231 5 
338 233 4 
338 235 3 
338 238 2 
338 240 3 
338 248 3 
338 257 1 
338 258 1 
338 265 1 
338 269 1 
338 270 4 
338 276 2 
338 286 5 
338 288 5 
338 298 3 
338 302 2 
338 317 1 
338 327 1 
338 347 2 
338 357 2 
338 380 2 
338 383 4 
338 402 2 
338 403 1 
338 404 3 
338 410 5 
338 411 3 
338 415 1 
338 427 1 
338 428 1 
338 431 5 
338 433 1 
338 435 3 
338 436 2 
338 447 5 
338 449 1 
338 451 1 
338 461 1 
338 469 3 
338 474 1 
338 475 2 
338 478 3 
338 479 1 
338 483 1 
338 484 2 
338 485 3 
338 496 2 
338 498 2 
338 503 2 
338 508 1 
338 509 5 
338 514 1 
338 515 5 
338 516 5 
338 521 5 
338 522 2 
338 523 4 
338 525 2 
338 527 4 
338 528 2 
338 530 5 
338 546 1 
338 549 3 
338 550 4 
338 566 1 
338 568 5 
338 573 1 
338 582 2 
338 603 5 
338 607 1 
338 614 5 
338 631 3 
338 632 5 
338 636 3 
338 637 4 
338 640 4 
338 642 1 
338 649 4 
338 650 5 
338 655 3 
338 657 2 
338 661 3 
338 663 3 
338 673 1 
338 675 4 
338 678 2 
338 693 3 
338 702 4 
338 709 4 
338 719 5 
338 735 3 
338 737 4 
338 739 4 
338 770 5 
338 772 2 
338 806 5 
338 823 3 
338 845 2 
338 856 5 
338 939 5 
338 942 5 
338 961 3 
339 1 3 
339 15 5 
339 50 4 
339 66 5 
339 71 2 
339 143 2 
339 172 4 
339 174 2 
339 179 2 
339 181 1 
339 205 2 
339 215 4 
339 265 2 
339 274 3 
339 402 5 
339 405 5 
339 423 1 
339 435 5 
339 486 1 
339 502 4 
339 504 4 
339 520 5 
339 526 5 
339 584 2 
339 662 2 
339 946 5 
340 3 4 
340 4 3 
340 7 2 
340 8 3 
340 11 5 
340 13 3 
340 15 5 
340 23 4 
340 25 5 
340 26 4 
340 28 1 
340 47 5 
340 56 2 
340 58 3 
340 68 1 
340 92 4 
340 93 3 
340 95 5 
340 98 3 
340 100 4 
340 108 2 
340 111 3 
340 122 1 
340 123 3 
340 124 2 
340 129 4 
340 131 5 
340 132 2 
340 133 1 
340 134 4 
340 135 2 
340 143 1 
340 144 2 
340 156 2 
340 160 4 
340 174 1 
340 175 5 
340 179 2 
340 188 5 
340 189 3 
340 191 4 
340 192 5 
340 193 1 
340 194 1 
340 196 5 
340 197 4 
340 204 4 
340 208 5 
340 209 1 
340 212 4 
340 216 3 
340 223 1 
340 237 3 
340 238 3 
340 240 5 
340 248 4 
340 251 4 
340 255 3 
340 257 3 
340 262 5 
340 274 3 
340 276 4 
340 282 5 
340 286 2 
340 287 3 
340 288 5 
340 289 4 
340 294 3 
340 297 1 
340 298 5 
340 301 2 
340 319 4 
340 320 2 
340 326 4 
340 327 3 
340 367 1 
340 378 5 
340 381 2 
340 382 2 
340 408 5 
340 412 2 
340 421 2 
340 423 1 
340 427 5 
340 433 4 
340 461 2 
340 483 4 
340 487 2 
340 496 3 
340 499 4 
340 508 5 
340 517 4 
340 518 3 
340 523 3 
340 531 3 
340 535 4 
340 544 2 
340 547 2 
340 558 1 
340 574 3 
340 581 4 
340 584 1 
340 591 3 
340 606 2 
340 607 4 
340 654 5 
340 655 5 
340 656 3 
340 657 3 
340 663 3 
340 692 4 
340 699 4 
340 723 3 
340 724 1 
340 727 2 
340 732 1 
340 746 1 
340 756 5 
340 762 1 
340 764 4 
340 772 1 
340 789 1 
340 792 5 
340 813 4 
340 818 1 
340 844 3 
340 846 5 
340 866 4 
340 873 2 
340 875 4 
340 928 5 
340 950 5 
340 965 3 
340 975 3 
341 1 3 
341 4 3 
341 7 4 
341 8 5 
341 9 1 
341 10 4 
341 11 4 
341 12 4 
341 20 3 
341 23 4 
341 25 2 
341 26 2 
341 28 1 
341 38 4 
341 42 1 
341 44 4 
341 47 5 
341 48 1 
341 50 5 
341 52 5 
341 53 2 
341 55 1 
341 56 4 
341 57 4 
341 58 2 
341 62 1 
341 63 5 
341 65 3 
341 66 4 
341 67 4 
341 68 3 
341 69 5 
341 76 2 
341 77 4 
341 79 5 
341 81 4 
341 82 1 
341 83 3 
341 86 3 
341 87 3 
341 90 3 
341 97 5 
341 98 1 
341 100 3 
341 117 2 
341 118 5 
341 121 4 
341 124 3 
341 127 4 
341 132 2 
341 134 4 
341 135 5 
341 137 4 
341 143 3 
341 144 4 
341 147 5 
341 152 4 
341 153 4 
341 155 1 
341 156 5 
341 159 2 
341 163 3 
341 164 1 
341 168 1 
341 169 4 
341 174 5 
341 176 5 
341 177 5 
341 179 3 
341 180 1 
341 186 5 
341 187 3 
341 188 3 
341 189 2 
341 193 5 
341 194 2 
341 196 3 
341 197 3 
341 199 1 
341 200 1 
341 208 3 
341 211 5 
341 214 1 
341 223 2 
341 228 2 
341 229 5 
341 231 2 
341 234 5 
341 235 5 
341 236 5 
341 237 4 
341 241 3 
341 250 3 
341 257 3 
341 265 2 
341 269 1 
341 275 5 
341 276 4 
341 277 5 
341 283 4 
341 288 1 
341 297 5 
341 302 5 
341 303 3 
341 306 3 
341 318 5 
341 324 4 
341 333 4 
341 334 4 
341 357 1 
341 358 1 
341 371 2 
341 375 4 
341 382 5 
341 385 1 
341 405 2 
341 408 2 
341 410 4 
341 423 2 
341 427 1 
341 429 3 
341 435 4 
341 449 5 
341 461 1 
341 462 3 
341 463 2 
341 471 1 
341 473 4 
341 474 4 
341 475 2 
341 476 1 
341 483 2 
341 498 1 
341 499 4 
341 508 4 
341 510 2 
341 515 4 
341 521 4 
341 523 3 
341 527 1 
341 528 3 
341 530 5 
341 536 4 
341 546 4 
341 555 4 
341 559 1 
341 561 2 
341 568 1 
341 569 3 
341 581 2 
341 582 3 
341 606 5 
341 614 3 
341 631 1 
341 642 3 
341 654 1 
341 655 4 
341 657 2 
341 660 5 
341 684 2 
341 702 5 
341 703 2 
341 708 4 
341 712 5 
341 724 5 
341 727 1 
341 729 2 
341 739 3 
341 744 4 
341 747 5 
341 778 5 
341 786 2 
341 792 4 
341 823 2 
341 919 4 
341 921 1 
341 930 1 
341 931 3 
341 943 1 
341 950 2 
341 951 3 
341 961 2 
341 980 1 
342 1 5 
342 4 2 
342 5 5 
342 8 1 
342 9 4 
342 11 1 
342 12 3 
342 13 5 
342 14 3 
342 22 1 
342 25 1 
342 26 5 
342 39 4 
342 45 3 
342 58 2 
342 70 3 
342 71 1 
342 73 5 
342 79 3 
342 86 5 
342 87 2 
342 88 3 
342 89 3 
342 95 3 
342 96 2 
342 97 2 
342 98 5 
342 111 5 
342 118 4 
342 119 3 
342 121 5 
342 122 2 
342 124 2 
342 125 5 
342 127 4 
342 129 3 
342 132 2 
342 137 3 
342 151 1 
342 169 3 
342 172 1 
342 174 5 
342 176 2 
342 181 5 
342 183 5 
342 190 1 
342 191 5 
342 195 2 
342 196 3 
342 198 5 
342 202 5 
342 203 1 
342 204 2 
342 208 5 
342 210 5 
342 216 1 
342 222 2 
342 228 4 
342 235 3 
342 237 1 
342 244 4 
342 245 3 
342 246 1 
342 248 1 
342 251 5 
342 255 1 
342 268 2 
342 269 3 
342 272 4 
342 273 2 
342 275 2 
342 276 2 
342 278 4 
342 280 2 
342 281 3 
342 283 1 
342 284 1 
342 285 5 
342 286 1 
342 288 4 
342 291 4 
342 295 3 
342 297 3 
342 298 5 
342 301 2 
342 303 5 
342 304 2 
342 311 3 
342 313 3 
342 315 1 
342 316 1 
342 322 1 
342 357 1 
342 367 3 
342 385 1 
342 405 2 
342 421 2 
342 433 2 
342 451 3 
342 459 4 
342 462 4 
342 471 5 
342 472 4 
342 476 1 
342 477 2 
342 478 3 
342 479 1 
342 486 5 
342 487 1 
342 494 5 
342 508 4 
342 509 5 
342 511 2 
342 516 4 
342 535 3 
342 537 3 
342 559 3 
342 562 5 
342 568 5 
342 597 1 
342 619 5 
342 647 3 
342 660 2 
342 663 3 
342 678 4 
342 684 2 
342 694 4 
342 696 5 
342 707 2 
342 708 1 
342 709 2 
342 713 1 
342 716 1 
342 742 1 
342 751 4 
342 764 3 
342 815 2 
342 844 2 
342 845 4 
342 864 3 
342 926 4 
342 928 4 
342 955 2 
342 972 5 
343 1 3 
343 4 5 
343 5 1 
343 9 4 
343 11 3 
343 15 3 
343 25 3 
343 26 5 
343 28 3 
343 33 3 
343 43 4 
343 44 4 
343 48 5 
343 49 2 
343 50 1 
343 51 3 
343 56 3 
343 64 5 
343 65 5 
343 66 4 
343 69 3 
343 71 4 
343 77 4 
343 79 4 
343 81 4 
343 87 5 
343 88 4 
343 93 4 
343 98 2 
343 100 2 
343 111 2 
343 117 2 
343 118 1 
343 124 4 
343 125 5 
343 126 5 
343 131 1 
343 132 5 
343 137 3 
343 143 4 
343 148 4 
343 151 1 
343 170 3 
343 172 4 
343 173 1 
343 174 2 
343 191 2 
343 196 3 
343 197 2 
343 202 5 
343 204 5 
343 216 3 
343 220 2 
343 221 3 
343 223 2 
343 226 5 
343 235 3 
343 237 5 
343 239 3 
343 241 5 
343 245 5 
343 246 5 
343 251 1 
343 255 1 
343 262 5 
343 268 3 
343 269 5 
343 272 4 
343 278 5 
343 280 4 
343 282 5 
343 283 2 
343 284 4 
343 285 5 
343 287 5 
343 288 1 
343 289 1 
343 291 5 
343 293 2 
343 294 4 
343 295 1 
343 297 1 
343 298 3 
343 300 3 
343 301 5 
343 302 3 
343 303 1 
343 305 5 
343 311 4 
343 312 2 
343 313 5 
343 315 3 
343 317 5 
343 323 5 
343 332 5 
343 333 3 
343 356 5 
343 365 1 
343 367 1 
343 378 5 
343 381 3 
343 382 2 
343 387 4 
343 402 1 
343 403 3 
343 405 4 
343 416 5 
343 433 2 
343 443 1 
343 451 2 
343 461 5 
343 464 5 
343 471 4 
343 473 4 
343 476 1 
343 479 2 
343 481 1 
343 485 4 
343 498 2 
343 508 5 
343 518 3 
343 534 4 
343 535 4 
343 550 3 
343 559 5 
343 566 2 
343 568 1 
343 582 5 
343 588 5 
343 620 3 
343 639 5 
343 651 3 
343 655 5 
343 660 1 
343 676 2 
343 696 1 
343 702 5 
343 708 5 
343 709 3 
343 715 2 
343 716 5 
343 722 3 
343 732 3 
343 736 1 
343 737 1 
343 738 4 
343 739 1 
343 742 4 
343 744 3 
343 747 4 
343 748 1 
343 772 4 
343 781 2 
343 845 5 
343 846 2 
343 866 5 
343 879 2 
343 886 1 
343 903 1 
343 919 5 
343 949 1 
343 955 4 
343 956 3 
343 972 1 
343 988 1 
344 2 1 
344 3 5 
344 4 1 
344 7 2 
344 11 5 
344 12 4 
344 17 1 
344 22 4 
344 29 4 
344 31 4 
344 33 1 
344 38 1 
344 53 3 
344 54 3 
344 55 1 
344 56 3 
344 62 3 
344 64 5 
344 67 5 
344 72 2 
344 76 4 
344 77 2 
344 83 4 
344 91 2 
344 92 3 
344 94 2 
344 97 3 
344 98 3 
344 100 3 
344 117 4 
344 120 3 
344 121 5 
344 127 1 
344 128 3 
344 132 1 
344 133 3 
344 134 2 
344 141 4 
344 143 4 
344 144 2 
344 147 4 
344 153 3 
344 156 3 
344 157 3 
344 158 3 
344 161 4 
344 167 4 
344 168 5 
344 172 5 
344 173 2 
344 174 1 
344 176 5 
344 181 3 
344 183 4 
344 184 2 
344 186 2 
344 187 1 
344 188 4 
344 203 1 
344 204 4 
344 210 2 
344 211 3 
344 213 3 
344 215 5 
344 216 5 
344 218 4 
344 219 3 
344 232 3 
344 234 1 
344 237 1 
344 241 1 
344 245 3 
344 250 2 
344 259 3 
344 265 1 
344 273 1 
344 276 3 
344 288 1 
344 291 1 
344 293 5 
344 294 1 
344 300 3 
344 302 1 
344 318 5 
344 322 1 
344 325 3 
344 333 3 
344 358 4 
344 363 4 
344 366 2 
344 369 4 
344 375 3 
344 385 4 
344 391 5 
344 392 4 
344 403 2 
344 405 1 
344 415 4 
344 423 1 
344 431 2 
344 455 1 
344 470 2 
344 496 1 
344 518 2 
344 520 3 
344 541 5 
344 546 5 
344 549 2 
344 561 4 
344 569 5 
344 571 3 
344 572 4 
344 576 3 
344 578 5 
344 582 3 
344 616 1 
344 636 5 
344 642 4 
344 657 1 
344 669 3 
344 673 4 
344 684 3 
344 685 3 
344 708 5 
344 712 3 
344 727 4 
344 732 2 
344 739 2 
344 743 4 
344 746 5 
344 748 1 
344 780 3 
344 785 4 
344 802 5 
344 809 2 
344 831 1 
344 842 5 
344 879 1 
344 932 3 
344 944 5 
344 951 2 
344 959 2 
344 977 4 
345 1 3 
345 7 3 
345 12 4 
345 15 5 
345 17 1 
345 22 5 
345 24 3 
345 25 1 
345 28 2 
345 31 5 
345 50 1 
345 55 4 
345 56 3 
345 68 1 
345 70 5 
345 73 4 
345 76 2 
345 77 2 
345 79 5 
345 82 4 
345 85 5 
345 87 1 
345 91 1 
345 96 3 
345 97 1 
345 99 1 
345 100 1 
345 117 5 
345 118 2 
345 125 1 
345 127 2 
345 132 1 
345 137 2 
345 144 1 
345 151 1 
345 156 4 
345 157 2 
345 158 2 
345 159 1 
345 163 3 
345 164 3 
345 168 4 
345 172 5 
345 173 1 
345 174 4 
345 176 3 
345 177 2 
345 181 1 
345 182 3 
345 183 5 
345 187 1 
345 188 1 
345 192 3 
345 195 4 
345 200 3 
345 203 4 
345 204 2 
345 208 4 
345 215 2 
345 222 3 
345 226 4 
345 227 5 
345 233 5 
345 235 1 
345 239 2 
345 240 3 
345 245 5 
345 246 4 
345 252 3 
345 257 3 
345 258 1 
345 268 2 
345 271 5 
345 273 2 
345 276 3 
345 280 2 
345 286 3 
345 288 4 
345 290 1 
345 293 2 
345 294 1 
345 298 1 
345 300 3 
345 317 4 
345 318 2 
345 323 4 
345 324 5 
345 328 4 
345 333 3 
345 356 1 
345 369 2 
345 371 1 
345 385 2 
345 386 4 
345 392 2 
345 403 5 
345 404 1 
345 405 3 
345 410 4 
345 416 3 
345 423 3 
345 432 2 
345 435 4 
345 460 1 
345 462 1 
345 465 4 
345 468 3 
345 470 5 
345 472 3 
345 475 2 
345 501 4 
345 508 1 
345 544 4 
345 550 3 
345 568 5 
345 588 5 
345 595 2 
345 597 1 
345 609 4 
345 655 2 
345 660 4 
345 685 3 
345 686 3 
345 689 5 
345 692 5 
345 699 4 
345 721 2 
345 735 3 
345 742 3 
345 756 2 
345 763 2 
345 806 2 
345 819 1 
345 820 1 
345 827 2 
345 829 5 
345 831 5 
345 841 3 
345 871 3 
345 879 1 
345 928 4 
345 930 1 
345 943 4 
345 959 2 
345 977 3 
345 982 3 
346 1 2 
346 7 4 
346 15 1 
346 25 1 
346 100 1 
346 107 2 
346 111 1 
346 118 1 
346 121 2 
346 126 2 
346 147 3 
346 225 3 
346 240 1 
346 276 4 
346 288 1 
346 294 4 
346 323 1 
346 368 2 
346 370 2 
346 409 1 
346 411 5 
346 412 4 
346 472 1 
346 473 2 
346 476 3 
346 546 4 
346 628 4 
346 742 4 
346 819 2 
346 831 5 
346 834 5 
346 924 1 
346 926 1 
346 928 3 
346 974 2 
346 975 1 
346 988 3 
347 9 2 
347 10 2 
347 118 2 
347 121 2 
347 125 3 
347 126 2 
347 237 5 
347 325 1 
347 370 3 
347 412 5 
347 455 2 
347 458 5 
347 471 3 
347 475 1 
347 596 5 
347 744 3 
347 847 5 
348 1 2 
348 23 4 
348 89 1 
348 98 4 
348 132 4 
348 133 2 
348 136 3 
348 168 3 
348 172 4 
348 176 5 
348 183 1 
348 193 3 
348 195 4 
348 204 5 
348 210 5 
348 214 2 
348 228 1 
348 265 2 
348 271 2 
348 324 1 
348 340 3 
348 435 2 
348 479 3 
348 480 3 
348 483 4 
348 489 1 
348 530 4 
348 589 4 
348 604 3 
348 616 5 
348 654 1 
348 657 3 
349 288 4 
349 289 1 
349 292 1 
349 300 4 
349 301 3 
349 310 1 
349 312 1 
349 313 3 
349 326 5 
349 327 2 
349 332 4 
349 341 3 
349 343 4 
349 359 4 
349 538 1 
349 748 3 
349 750 3 
349 754 2 
349 873 3 
349 879 5 
349 880 1 
349 882 3 
349 888 3 
349 984 1 
349 989 1 
349 990 4 
350 4 4 
350 7 5 
350 12 1 
350 17 3 
350 39 5 
350 55 2 
350 56 4 
350 79 3 
350 86 1 
350 89 2 
350 92 1 
350 96 3 
350 98 3 
350 129 1 
350 144 5 
350 156 2 
350 173 5 
350 182 5 
350 194 4 
350 195 4 
350 216 5 
350 228 3 
350 234 5 
350 302 3 
350 385 4 
350 568 2 
350 657 2 
350 692 1 
351 245 1 
351 260 3 
351 271 3 
351 272 5 
351 300 5 
351 315 4 
351 326 4 
351 327 5 
351 328 5 
351 332 5 
351 333 3 
351 343 1 
351 905 4 
352 7 4 
352 9 1 
352 14 3 
352 19 3 
352 20 1 
352 25 2 
352 32 4 
352 42 3 
352 47 4 
352 50 3 
352 52 1 
352 57 4 
352 58 1 
352 59 5 
352 60 1 
352 61 2 
352 66 5 
352 70 1 
352 79 3 
352 81 4 
352 83 5 
352 86 2 
352 87 5 
352 88 2 
352 93 5 
352 100 3 
352 109 5 
352 116 4 
352 124 3 
352 131 5 
352 133 2 
352 134 3 
352 135 3 
352 136 4 
352 137 1 
352 143 5 
352 149 5 
352 151 2 
352 152 2 
352 153 1 
352 154 3 
352 155 1 
352 162 1 
352 166 3 
352 168 2 
352 169 2 
352 171 1 
352 173 2 
352 174 1 
352 175 4 
352 180 1 
352 186 2 
352 189 1 
352 190 2 
352 191 1 
352 193 1 
352 197 1 
352 199 1 
352 202 1 
352 208 4 
352 209 2 
352 211 2 
352 213 3 
352 216 4 
352 238 4 
352 242 3 
352 246 2 
352 248 5 
352 251 5 
352 255 4 
352 257 1 
352 258 2 
352 268 5 
352 269 1 
352 270 5 
352 272 1 
352 275 2 
352 276 1 
352 281 3 
352 286 5 
352 287 5 
352 297 5 
352 303 5 
352 305 3 
352 306 1 
352 308 1 
352 311 1 
352 313 4 
352 318 1 
352 344 4 
352 381 5 
352 382 5 
352 387 4 
352 414 4 
352 421 5 
352 423 3 
352 428 1 
352 429 5 
352 435 4 
352 462 2 
352 463 1 
352 464 5 
352 473 5 
352 478 2 
352 479 4 
352 480 1 
352 483 1 
352 485 1 
352 487 4 
352 489 1 
352 494 1 
352 496 3 
352 497 5 
352 498 4 
352 507 4 
352 508 2 
352 509 3 
352 511 4 
352 513 4 
352 515 3 
352 516 2 
352 518 3 
352 520 4 
352 529 5 
352 531 2 
352 533 1 
352 558 5 
352 582 3 
352 584 3 
352 603 2 
352 604 2 
352 605 1 
352 606 3 
352 607 1 
352 629 5 
352 631 3 
352 638 5 
352 650 3 
352 651 3 
352 652 1 
352 657 4 
352 659 4 
352 660 2 
352 661 4 
352 692 1 
352 694 4 
352 699 4 
352 702 2 
352 705 3 
352 707 4 
352 709 2 
352 716 3 
352 732 5 
352 733 4 
352 735 3 
352 736 4 
352 737 1 
352 740 5 
352 753 5 
352 792 1 
352 811 4 
352 847 5 
352 855 5 
352 863 3 
352 865 5 
352 882 2 
352 889 1 
352 900 2 
352 904 4 
352 929 3 
352 953 5 
352 956 5 
352 958 2 
352 962 2 
353 242 4 
353 264 5 
353 288 1 
353 300 5 
353 328 5 
353 329 5 
353 360 4 
353 681 4 
353 882 4 
354 272 4 
354 292 2 
354 313 4 
354 316 4 
354 326 3 
354 328 4 
354 333 1 
354 689 5 
354 748 1 
355 1 4 
355 7 4 
355 10 1 
355 24 3 
355 105 1 
355 117 4 
355 118 4 
355 123 5 
355 125 5 
355 126 3 
355 147 1 
355 150 1 
355 151 3 
355 220 2 
355 222 2 
355 245 2 
355 258 2 
355 270 1 
355 273 3 
355 274 4 
355 275 5 
355 280 2 
355 284 2 
355 291 1 
355 322 2 
355 326 3 
355 334 3 
355 405 2 
355 407 2 
355 411 1 
355 455 4 
355 456 5 
355 471 5 
355 472 1 
355 473 4 
355 476 1 
355 546 4 
355 595 3 
355 687 3 
355 713 3 
355 742 4 
355 744 5 
355 760 4 
355 819 1 
355 820 4 
355 831 2 
355 833 4 
355 866 3 
355 932 4 
355 977 1 
355 984 3 
356 8 2 
356 65 3 
356 127 3 
356 132 5 
356 174 5 
356 179 1 
356 213 5 
356 268 5 
356 318 3 
356 324 4 
356 357 1 
356 511 4 
356 582 2 
356 584 4 
356 638 1 
356 639 3 
356 643 5 
356 855 1 
356 896 4 
357 7 3 
357 117 2 
357 118 1 
357 181 5 
357 250 4 
357 268 2 
357 270 4 
357 298 2 
357 313 3 
357 323 5 
357 405 1 
357 472 3 
357 748 3 
357 751 3 
357 831 5 
358 1 4 
358 10 2 
358 13 5 
358 14 2 
358 25 3 
358 28 1 
358 45 1 
358 50 3 
358 64 5 
358 79 3 
358 100 2 
358 116 2 
358 124 2 
358 127 3 
358 134 2 
358 157 5 
358 165 1 
358 166 3 
358 170 1 
358 174 4 
358 181 1 
358 187 2 
358 191 2 
358 194 1 
358 195 3 
358 197 5 
358 205 5 
358 207 4 
358 210 2 
358 222 2 
358 237 4 
358 238 2 
358 242 3 
358 251 2 
358 269 4 
358 271 4 
358 275 4 
358 283 1 
358 284 3 
358 286 4 
358 297 3 
358 302 2 
358 304 3 
358 306 1 
358 308 4 
358 309 2 
358 321 5 
358 326 5 
358 328 2 
358 357 3 
358 423 5 
358 479 5 
358 483 2 
358 496 1 
358 511 4 
358 521 2 
358 523 2 
358 531 3 
358 582 3 
358 588 4 
358 654 5 
358 661 4 
358 735 5 
358 744 2 
358 748 3 
358 845 5 
358 933 5 
358 936 1 
358 963 4 
359 12 3 
359 14 2 
359 23 5 
359 26 3 
359 49 5 
359 53 1 
359 55 1 
359 56 3 
359 59 3 
359 60 5 
359 66 1 
359 70 2 
359 79 5 
359 83 3 
359 88 5 
359 90 5 
359 97 4 
359 98 1 
359 100 5 
359 111 5 
359 129 2 
359 148 2 
359 150 1 
359 156 1 
359 165 2 
359 166 3 
359 168 1 
359 170 2 
359 173 4 
359 176 2 
359 178 1 
359 183 2 
359 185 5 
359 186 3 
359 190 1 
359 197 3 
359 203 4 
359 204 5 
359 207 1 
359 212 5 
359 213 1 
359 218 1 
359 222 4 
359 228 4 
359 234 2 
359 237 3 
359 238 4 
359 258 4 
359 269 1 
359 273 5 
359 274 2 
359 276 5 
359 286 5 
359 333 2 
359 340 2 
359 387 3 
359 421 5 
359 430 2 
359 435 1 
359 451 5 
359 466 3 
359 475 1 
359 498 5 
359 502 3 
359 504 4 
359 514 2 
359 517 3 
359 524 3 
359 525 3 
359 531 2 
359 639 5 
359 652 4 
359 654 1 
359 655 1 
359 657 1 
359 659 2 
359 673 4 
359 684 4 
359 694 3 
359 707 2 
359 709 4 
359 727 5 
359 737 1 
359 739 3 
359 742 1 
359 762 1 
359 770 1 
359 794 5 
359 934 1 
359 949 3 
360 245 3 
360 268 5 
360 302 4 
360 312 2 
360 313 3 
360 323 2 
360 333 5 
360 336 1 
360 689 4 
361 1 1 
361 2 5 
361 4 1 
361 5 2 
361 7 2 
361 9 5 
361 11 5 
361 22 3 
361 29 2 
361 32 4 
361 37 3 
361 38 4 
361 44 4 
361 47 2 
361 50 2 
361 54 3 
361 55 3 
361 56 3 
361 58 3 
361 62 5 
361 65 5 
361 66 3 
361 67 5 
361 68 1 
361 69 3 
361 70 1 
361 71 5 
361 72 2 
361 73 4 
361 79 2 
361 81 2 
361 82 4 
361 87 3 
361 88 5 
361 89 2 
361 90 2 
361 91 1 
361 93 2 
361 95 5 
361 96 2 
361 97 1 
361 98 1 
361 101 4 
361 102 3 
361 114 5 
361 117 5 
361 120 5 
361 121 4 
361 128 1 
361 134 3 
361 137 4 
361 143 5 
361 144 2 
361 145 3 
361 151 3 
361 152 2 
361 154 5 
361 155 2 
361 156 4 
361 159 1 
361 161 4 
361 164 3 
361 169 5 
361 172 2 
361 173 4 
361 174 5 
361 179 4 
361 182 1 
361 183 4 
361 184 5 
361 185 2 
361 186 4 
361 187 1 
361 188 1 
361 189 5 
361 193 1 
361 195 3 
361 196 3 
361 200 2 
361 201 5 
361 204 1 
361 206 5 
361 208 4 
361 210 3 
361 212 4 
361 215 4 
361 216 2 
361 218 3 
361 222 5 
361 226 3 
361 227 1 
361 228 2 
361 229 3 
361 231 4 
361 234 3 
361 235 5 
361 237 1 
361 248 5 
361 250 1 
361 258 1 
361 265 1 
361 270 2 
361 271 5 
361 282 2 
361 283 4 
361 284 3 
361 288 4 
361 290 4 
361 293 5 
361 307 5 
361 315 1 
361 316 2 
361 317 5 
361 322 5 
361 325 4 
361 328 3 
361 336 1 
361 346 2 
361 347 3 
361 350 5 
361 351 1 
361 366 5 
361 370 3 
361 380 5 
361 387 2 
361 391 1 
361 393 5 
361 402 3 
361 403 1 
361 405 3 
361 408 4 
361 417 5 
361 423 5 
361 426 3 
361 428 5 
361 431 1 
361 433 3 
361 435 5 
361 443 2 
361 444 1 
361 448 4 
361 449 3 
361 451 4 
361 461 5 
361 469 1 
361 472 4 
361 473 1 
361 474 3 
361 505 3 
361 506 5 
361 511 1 
361 518 4 
361 523 3 
361 531 2 
361 546 1 
361 550 1 
361 552 1 
361 554 5 
361 555 1 
361 557 2 
361 559 1 
361 561 4 
361 566 4 
361 568 4 
361 569 2 
361 571 1 
361 572 3 
361 575 5 
361 578 3 
361 588 5 
361 590 1 
361 597 3 
361 603 2 
361 616 5 
361 625 5 
361 631 3 
361 640 4 
361 650 5 
361 651 4 
361 653 3 
361 657 5 
361 658 3 
361 660 2 
361 665 1 
361 673 3 
361 675 5 
361 678 1 
361 679 5 
361 682 2 
361 685 3 
361 691 3 
361 698 4 
361 699 2 
361 707 2 
361 709 3 
361 710 3 
361 719 4 
361 735 1 
361 741 2 
361 742 2 
361 746 5 
361 747 2 
361 752 2 
361 760 2 
361 761 4 
361 767 5 
361 774 2 
361 778 2 
361 792 1 
361 802 1 
361 805 2 
361 809 5 
361 816 1 
361 825 2 
361 831 2 
361 849 5 
361 854 4 
361 859 4 
361 895 2 
361 906 3 
361 919 5 
361 933 3 
361 940 2 
361 946 2 
361 959 3 
361 979 4 
362 289 1 
362 302 3 
362 321 5 
362 875 1 
362 948 4 
362 988 4 
363 1 5 
363 7 5 
363 15 5 
363 25 3 
363 100 4 
363 109 1 
363 124 5 
363 125 5 
363 137 3 
363 150 4 
363 222 3 
363 235 3 
363 258 5 
363 268 1 
363 271 3 
363 272 4 
363 275 2 
363 276 4 
363 277 3 
363 287 5 
363 288 4 
363 289 4 
363 294 1 
363 301 5 
363 309 1 
363 315 2 
363 316 4 
363 321 5 
363 340 5 
363 352 1 
363 473 3 
363 591 3 
363 742 5 
363 762 1 
363 813 1 
363 894 3 
363 895 4 
363 908 4 
364 53 3 
364 56 1 
364 98 5 
364 184 1 
364 200 4 
364 201 3 
364 217 5 
364 219 1 
364 234 2 
364 443 5 
364 445 4 
364 559 2 
364 573 4 
364 671 5 
364 672 5 
364 853 1 
364 860 5 
365 7 5 
365 17 1 
365 50 4 
365 53 1 
365 98 4 
365 100 2 
365 145 3 
365 164 5 
365 176 2 
365 183 4 
365 184 4 
365 200 5 
365 201 1 
365 218 2 
365 234 5 
365 250 4 
365 258 4 
365 288 4 
365 302 2 
365 324 4 
365 326 5 
365 333 5 
365 334 4 
365 379 2 
365 406 4 
365 413 3 
365 436 5 
365 443 5 
365 448 1 
365 452 5 
365 551 5 
365 563 1 
365 564 1 
365 665 5 
365 670 5 
365 672 2 
365 760 3 
365 769 2 
365 774 4 
365 800 5 
365 919 3 
366 11 2 
366 17 1 
366 56 2 
366 89 4 
366 96 4 
366 98 2 
366 100 5 
366 127 1 
366 183 1 
366 184 4 
366 201 1 
366 217 4 
366 218 5 
366 219 2 
366 234 4 
366 292 2 
366 313 5 
366 320 1 
366 379 2 
366 396 2 
366 567 4 
366 672 1 
366 774 1 
366 777 3 
367 50 2 
367 114 4 
367 168 2 
367 172 2 
367 181 2 
367 271 2 
367 316 5 
367 358 2 
367 751 4 
367 988 3 
368 12 4 
368 22 5 
368 31 4 
368 50 1 
368 52 2 
368 64 2 
368 98 5 
368 100 2 
368 107 5 
368 114 4 
368 116 1 
368 135 1 
368 136 4 
368 153 3 
368 172 2 
368 174 2 
368 175 1 
368 176 4 
368 181 3 
368 193 2 
368 195 5 
368 199 2 
368 209 1 
368 210 1 
368 238 2 
368 257 5 
368 265 4 
368 269 2 
368 285 1 
368 322 5 
368 423 1 
368 425 3 
368 433 3 
368 435 4 
368 443 2 
368 480 1 
368 484 3 
368 493 1 
368 494 5 
368 497 3 
368 514 2 
368 525 4 
368 603 4 
368 604 1 
368 607 2 
368 608 2 
368 613 2 
368 631 2 
368 657 5 
368 659 3 
368 661 3 
368 678 1 
368 705 3 
368 923 2 
369 1 1 
369 22 3 
369 55 4 
369 64 1 
369 69 1 
369 77 4 
369 79 4 
369 97 1 
369 98 4 
369 174 3 
369 177 2 
369 179 2 
369 180 1 
369 181 5 
369 185 5 
369 186 4 
369 194 1 
369 197 4 
369 210 3 
369 234 2 
369 265 4 
369 357 4 
369 393 5 
369 423 4 
369 435 1 
369 443 2 
369 449 4 
369 452 4 
369 504 3 
369 527 1 
369 655 5 
369 663 1 
369 746 2 
370 5 4 
370 23 3 
370 44 5 
370 56 1 
370 79 1 
370 129 5 
370 159 1 
370 164 1 
370 176 2 
370 183 5 
370 185 5 
370 200 1 
370 201 3 
370 218 3 
370 262 3 
370 286 5 
370 288 5 
370 299 1 
370 325 2 
370 327 3 
370 333 5 
370 436 1 
370 441 3 
370 443 1 
370 447 4 
370 448 3 
370 452 3 
370 547 1 
370 559 3 
370 561 4 
370 574 1 
370 581 5 
370 595 5 
370 628 2 
370 635 5 
370 637 1 
370 672 5 
370 674 5 
370 678 1 
370 696 5 
370 874 4 
370 875 4 
371 2 4 
371 4 3 
371 12 5 
371 15 5 
371 20 3 
371 22 1 
371 24 3 
371 25 2 
371 31 2 
371 48 3 
371 50 2 
371 58 4 
371 64 2 
371 66 3 
371 68 2 
371 70 3 
371 80 2 
371 81 4 
371 82 4 
371 83 2 
371 89 2 
371 90 1 
371 94 3 
371 95 1 
371 96 1 
371 97 2 
371 99 3 
371 100 5 
371 102 5 
371 105 1 
371 110 2 
371 114 4 
371 117 4 
371 127 2 
371 132 5 
371 136 5 
371 139 5 
371 142 1 
371 143 5 
371 144 5 
371 150 1 
371 151 4 
371 154 5 
371 155 5 
371 156 4 
371 161 1 
371 162 1 
371 163 1 
371 165 3 
371 166 4 
371 169 3 
371 172 1 
371 173 1 
371 175 2 
371 177 5 
371 179 1 
371 180 4 
371 181 2 
371 184 5 
371 189 3 
371 194 2 
371 195 3 
371 196 1 
371 197 4 
371 202 5 
371 204 2 
371 206 3 
371 208 4 
371 209 3 
371 210 5 
371 211 1 
371 213 3 
371 214 5 
371 215 5 
371 217 5 
371 225 3 
371 226 1 
371 228 5 
371 230 4 
371 232 3 
371 239 2 
371 241 1 
371 259 3 
371 269 5 
371 275 5 
371 278 3 
371 281 1 
371 286 1 
371 290 4 
371 318 4 
371 357 1 
371 366 5 
371 378 1 
371 380 2 
371 382 5 
371 385 1 
371 386 2 
371 389 4 
371 390 5 
371 392 3 
371 393 1 
371 399 4 
371 401 5 
371 402 1 
371 403 5 
371 404 2 
371 409 5 
371 414 3 
371 417 3 
371 418 2 
371 420 4 
371 421 2 
371 423 4 
371 427 2 
371 431 4 
371 433 2 
371 435 1 
371 451 2 
371 472 4 
371 474 5 
371 480 3 
371 485 1 
371 487 2 
371 488 3 
371 494 3 
371 496 2 
371 497 4 
371 499 5 
371 506 3 
371 510 1 
371 520 4 
371 527 5 
371 550 3 
371 553 5 
371 559 5 
371 566 1 
371 568 5 
371 571 1 
371 577 5 
371 588 3 
371 596 1 
371 598 1 
371 603 3 
371 627 1 
371 633 5 
371 645 1 
371 648 3 
371 649 2 
371 651 4 
371 655 1 
371 658 2 
371 660 4 
371 679 3 
371 694 4 
371 699 2 
371 704 2 
371 705 4 
371 709 4 
371 715 2 
371 724 1 
371 727 1 
371 729 1 
371 732 3 
371 746 3 
371 747 4 
371 748 5 
371 756 1 
371 778 5 
371 828 3 
371 842 5 
371 843 5 
371 849 5 
371 941 3 
371 946 5 
371 949 4 
372 1 1 
372 2 2 
372 5 2 
372 7 3 
372 9 1 
372 11 1 
372 15 3 
372 17 1 
372 23 5 
372 24 2 
372 28 2 
372 29 2 
372 39 3 
372 48 2 
372 50 3 
372 56 4 
372 64 1 
372 66 5 
372 68 3 
372 69 3 
372 70 4 
372 71 1 
372 77 4 
372 89 4 
372 95 5 
372 97 1 
372 98 4 
372 100 5 
372 106 3 
372 111 1 
372 116 4 
372 118 5 
372 120 5 
372 121 1 
372 122 5 
372 123 1 
372 124 5 
372 125 4 
372 126 2 
372 127 5 
372 129 1 
372 135 4 
372 143 2 
372 144 2 
372 147 3 
372 148 3 
372 150 1 
372 151 3 
372 156 3 
372 159 2 
372 161 4 
372 162 2 
372 168 3 
372 172 4 
372 173 4 
372 174 2 
372 176 2 
372 185 5 
372 186 2 
372 192 3 
372 195 3 
372 197 4 
372 200 2 
372 202 1 
372 204 4 
372 210 3 
372 216 2 
372 218 3 
372 222 3 
372 223 2 
372 225 3 
372 226 1 
372 228 4 
372 229 4 
372 230 4 
372 231 5 
372 233 4 
372 234 1 
372 235 3 
372 237 5 
372 240 1 
372 247 2 
372 248 4 
372 252 1 
372 254 1 
372 257 1 
372 265 5 
372 279 5 
372 280 5 
372 282 5 
372 284 4 
372 289 1 
372 291 2 
372 310 2 
372 322 2 
372 323 5 
372 356 4 
372 363 1 
372 369 3 
372 385 2 
372 393 1 
372 403 2 
372 405 1 
372 412 3 
372 423 5 
372 424 5 
372 427 3 
372 449 4 
372 450 1 
372 454 2 
372 458 2 
372 463 3 
372 465 4 
372 466 4 
372 467 3 
372 468 2 
372 475 2 
372 476 3 
372 483 3 
372 521 5 
372 527 4 
372 540 4 
372 544 2 
372 550 3 
372 552 3 
372 554 3 
372 558 2 
372 566 5 
372 568 3 
372 572 2 
372 576 3 
372 581 4 
372 591 5 
372 619 2 
372 620 4 
372 628 1 
372 637 1 
372 642 2 
372 651 4 
372 665 5 
372 685 4 
372 692 5 
372 696 1 
372 717 4 
372 741 2 
372 742 2 
372 743 2 
372 756 2 
372 758 1 
372 761 4 
372 762 5 
372 763 1 
372 770 3 
372 789 5 
372 815 1 
372 819 4 
372 820 2 
372 824 3 
372 832 5 
372 844 1 
372 845 4 
372 846 2 
372 872 1 
372 880 1 
372 924 4 
372 928 3 
372 930 5 
372 931 4 
372 932 5 
372 934 2 
372 948 4 
372 952 4 
372 974 5 
372 975 3 
372 977 2 
372 978 5 
372 979 4 
372 986 3 
373 5 2 
373 39 2 
373 77 1 
373 176 4 
373 183 3 
373 185 1 
373 218 1 
373 233 1 
373 288 1 
373 300 1 
373 443 2 
373 583 4 
373 684 4 
373 761 1 
374 11 1 
374 14 3 
374 98 1 
374 154 1 
374 181 1 
374 197 5 
374 198 5 
374 223 4 
374 237 1 
374 246 1 
374 268 3 
374 274 4 
374 275 2 
374 289 1 
374 301 4 
374 603 2 
374 762 4 
375 56 2 
375 98 2 
375 100 4 
375 164 3 
375 168 1 
375 173 5 
375 194 3 
375 219 4 
375 234 5 
375 258 1 
375 268 1 
375 288 1 
375 313 3 
375 316 5 
375 323 3 
375 354 5 
375 443 4 
375 508 1 
375 895 5 
376 1 2 
376 2 4 
376 4 4 
376 5 2 
376 7 1 
376 8 1 
376 9 4 
376 10 5 
376 11 4 
376 12 4 
376 13 1 
376 14 1 
376 15 4 
376 21 3 
376 22 3 
376 28 5 
376 29 1 
376 31 4 
376 40 3 
376 42 5 
376 43 1 
376 48 5 
376 49 1 
376 50 2 
376 52 3 
376 53 4 
376 54 2 
376 58 2 
376 59 4 
376 62 5 
376 63 1 
376 65 5 
376 66 5 
376 68 3 
376 70 4 
376 73 3 
376 77 2 
376 79 3 
376 86 5 
376 87 1 
376 88 5 
376 89 1 
376 91 4 
376 94 3 
376 95 3 
376 99 4 
376 100 1 
376 106 5 
376 110 2 
376 111 3 
376 117 5 
376 121 3 
376 123 2 
376 125 1 
376 126 1 
376 132 1 
376 133 5 
376 135 2 
376 141 4 
376 143 3 
376 144 1 
376 148 4 
376 151 2 
376 153 3 
376 155 4 
376 157 5 
376 159 5 
376 161 3 
376 162 5 
376 167 4 
376 172 2 
376 173 4 
376 174 4 
376 175 3 
376 176 4 
376 179 2 
376 180 5 
376 181 3 
376 182 3 
376 186 5 
376 191 3 
376 194 4 
376 195 3 
376 196 1 
376 197 1 
376 200 1 
376 202 1 
376 203 1 
376 207 5 
376 210 1 
376 213 2 
376 215 1 
376 217 1 
376 218 2 
376 220 2 
376 222 1 
376 223 1 
376 226 5 
376 227 4 
376 230 1 
376 233 2 
376 234 1 
376 235 4 
376 237 2 
376 239 1 
376 241 3 
376 245 4 
376 248 3 
376 252 2 
376 254 1 
376 255 4 
376 257 3 
376 258 5 
376 269 3 
376 272 5 
376 273 3 
376 274 2 
376 275 5 
376 276 5 
376 277 5 
376 280 5 
376 281 4 
376 282 5 
376 283 2 
376 284 3 
376 285 4 
376 286 1 
376 288 2 
376 289 3 
376 294 2 
376 295 2 
376 298 1 
376 300 5 
376 301 5 
376 302 5 
376 304 2 
376 317 4 
376 318 3 
376 319 1 
376 321 4 
376 326 5 
376 328 1 
376 356 3 
376 365 2 
376 367 4 
376 380 5 
376 381 2 
376 382 4 
376 385 2 
376 386 3 
376 387 5 
376 392 2 
376 393 2 
376 396 2 
376 401 3 
376 403 2 
376 404 2 
376 405 1 
376 409 1 
376 410 3 
376 411 2 
376 417 2 
376 418 4 
376 419 1 
376 420 1 
376 423 5 
376 432 2 
376 435 5 
376 447 2 
376 449 4 
376 450 5 
376 451 3 
376 458 4 
376 465 2 
376 469 2 
376 471 4 
376 476 2 
376 479 5 
376 482 4 
376 485 3 
376 496 4 
376 500 3 
376 501 3 
376 508 1 
376 509 3 
376 517 1 
376 527 3 
376 528 4 
376 542 2 
376 546 2 
376 549 2 
376 554 2 
376 559 3 
376 566 3 
376 568 1 
376 572 5 
376 575 3 
376 576 2 
376 582 5 
376 591 4 
376 596 1 
376 597 3 
376 619 1 
376 620 2 
376 623 3 
376 629 3 
376 631 3 
376 632 1 
376 635 2 
376 636 4 
376 651 5 
376 655 5 
376 663 2 
376 665 2 
376 674 1 
376 686 2 
376 692 5 
376 693 2 
376 694 3 
376 702 1 
376 703 3 
376 707 3 
376 708 2 
376 709 5 
376 715 5 
376 716 3 
376 720 3 
376 722 1 
376 724 3 
376 727 4 
376 729 1 
376 731 1 
376 732 2 
376 734 2 
376 736 4 
376 742 3 
376 744 3 
376 747 1 
376 755 2 
376 756 2 
376 762 5 
376 768 1 
376 778 1 
376 780 2 
376 787 3 
376 792 3 
376 793 2 
376 796 4 
376 806 5 
376 807 3 
376 845 3 
376 866 5 
376 875 2 
376 896 1 
376 918 5 
376 921 4 
376 924 2 
376 926 5 
376 928 4 
376 930 2 
376 939 3 
376 942 2 
376 951 2 
376 959 5 
376 961 5 
376 969 1 
376 972 3 
376 977 2 
376 979 1 
377 1 5 
377 2 5 
377 4 5 
377 8 2 
377 9 4 
377 12 3 
377 23 5 
377 50 3 
377 52 4 
377 54 5 
377 56 4 
377 62 4 
377 63 3 
377 64 5 
377 69 1 
377 79 2 
377 82 4 
377 83 3 
377 88 4 
377 89 3 
377 90 5 
377 93 2 
377 96 3 
377 98 2 
377 100 2 
377 116 4 
377 124 4 
377 131 4 
377 133 5 
377 135 4 
377 141 3 
377 144 3 
377 152 3 
377 153 4 
377 157 4 
377 158 3 
377 161 2 
377 163 4 
377 164 1 
377 168 1 
377 172 5 
377 173 4 
377 176 1 
377 177 3 
377 178 3 
377 179 4 
377 183 2 
377 186 1 
377 188 3 
377 191 3 
377 192 5 
377 193 1 
377 194 5 
377 195 1 
377 196 2 
377 200 2 
377 202 3 
377 203 3 
377 204 3 
377 205 2 
377 208 3 
377 210 2 
377 211 5 
377 216 2 
377 219 1 
377 227 2 
377 230 2 
377 233 3 
377 238 2 
377 239 2 
377 257 2 
377 270 5 
377 271 2 
377 284 2 
377 285 1 
377 294 1 
377 300 4 
377 306 4 
377 310 5 
377 331 1 
377 339 5 
377 357 3 
377 372 4 
377 381 1 
377 383 1 
377 385 1 
377 391 5 
377 393 4 
377 395 3 
377 401 1 
377 402 2 
377 405 1 
377 414 2 
377 417 2 
377 419 2 
377 427 1 
377 428 1 
377 434 2 
377 436 3 
377 443 3 
377 447 4 
377 448 2 
377 451 4 
377 452 2 
377 461 5 
377 480 5 
377 496 5 
377 504 4 
377 511 3 
377 514 4 
377 516 1 
377 517 1 
377 520 2 
377 522 3 
377 523 3 
377 527 2 
377 528 4 
377 529 5 
377 530 1 
377 554 4 
377 559 1 
377 563 4 
377 566 2 
377 568 3 
377 575 3 
377 576 4 
377 603 4 
377 616 3 
377 622 5 
377 636 1 
377 637 1 
377 644 3 
377 649 5 
377 651 3 
377 655 3 
377 659 4 
377 674 1 
377 684 4 
377 686 1 
377 701 3 
377 704 4 
377 705 3 
377 710 2 
377 712 2 
377 729 4 
377 732 2 
377 735 4 
377 736 1 
377 746 2 
377 842 2 
377 855 2 
378 1 4 
378 7 3 
378 12 4 
378 22 2 
378 28 3 
378 31 2 
378 38 3 
378 58 4 
378 59 2 
378 60 1 
378 61 2 
378 62 2 
378 64 4 
378 69 1 
378 71 3 
378 81 5 
378 95 1 
378 98 5 
378 100 1 
378 109 5 
378 114 5 
378 118 2 
378 121 1 
378 132 5 
378 134 1 
378 139 3 
378 152 2 
378 154 4 
378 161 1 
378 163 3 
378 168 4 
378 170 3 
378 172 4 
378 176 5 
378 177 2 
378 180 4 
378 181 5 
378 183 1 
378 185 4 
378 186 5 
378 190 4 
378 194 3 
378 197 3 
378 208 5 
378 213 4 
378 215 2 
378 217 3 
378 222 1 
378 228 3 
378 229 3 
378 238 5 
378 241 1 
378 258 1 
378 265 2 
378 270 1 
378 306 1 
378 313 2 
378 315 5 
378 340 2 
378 356 1 
378 357 2 
378 382 1 
378 414 2 
378 416 4 
378 419 2 
378 423 5 
378 425 5 
378 427 1 
378 428 4 
378 435 1 
378 443 4 
378 449 4 
378 462 2 
378 463 3 
378 465 3 
378 474 2 
378 479 3 
378 483 5 
378 502 4 
378 506 3 
378 512 1 
378 515 1 
378 518 2 
378 521 4 
378 527 3 
378 529 3 
378 530 1 
378 549 2 
378 561 4 
378 566 2 
378 570 4 
378 573 1 
378 582 2 
378 587 3 
378 614 2 
378 629 3 
378 630 5 
378 631 4 
378 651 4 
378 652 3 
378 654 4 
378 663 2 
378 664 2 
378 665 1 
378 670 2 
378 684 4 
378 699 4 
378 708 5 
378 712 1 
378 729 1 
378 732 2 
378 736 2 
378 744 5 
378 750 1 
378 751 2 
378 753 2 
378 770 3 
378 856 5 
378 923 4 
378 956 5 
378 959 2 
379 1 3 
379 13 4 
379 14 3 
379 15 5 
379 16 3 
379 20 4 
379 30 1 
379 50 3 
379 59 5 
379 77 3 
379 79 5 
379 83 1 
379 89 1 
379 94 2 
379 95 5 
379 97 2 
379 99 4 
379 100 2 
379 102 5 
379 121 1 
379 129 3 
379 132 2 
379 133 3 
379 134 3 
379 135 5 
379 139 3 
379 150 1 
379 151 4 
379 175 1 
379 178 4 
379 191 4 
379 212 3 
379 214 3 
379 216 4 
379 217 1 
379 228 2 
379 259 3 
379 276 2 
379 281 4 
379 294 2 
379 303 3 
379 304 4 
379 318 3 
379 344 2 
379 378 3 
379 418 5 
379 443 4 
379 459 5 
379 462 2 
379 473 2 
379 479 1 
379 485 2 
379 487 5 
379 493 5 
379 495 2 
379 498 2 
379 501 4 
379 509 2 
379 517 5 
379 525 5 
379 526 3 
379 529 4 
379 582 4 
379 607 1 
379 631 5 
379 634 3 
379 640 2 
379 647 5 
379 652 2 
379 656 5 
379 657 3 
379 660 5 
379 673 5 
379 682 5 
379 693 5 
379 705 5 
379 724 4 
379 742 3 
379 771 2 
379 778 2 
379 855 5 
379 887 3 
379 898 4 
379 914 5 
379 931 3 
379 934 5 
379 961 5 
379 995 1 
380 7 3 
380 9 4 
380 23 5 
380 50 3 
380 56 1 
380 98 1 
380 100 3 
380 122 1 
380 127 1 
380 134 1 
380 135 1 
380 137 4 
380 150 1 
380 171 2 
380 177 2 
380 180 3 
380 183 1 
380 258 3 
380 276 1 
380 290 4 
380 332 5 
380 475 1 
380 481 4 
380 482 1 
380 507 5 
380 508 1 
380 531 4 
380 717 5 
381 14 3 
381 19 2 
381 58 4 
381 81 5 
381 86 5 
381 89 1 
381 100 2 
381 134 4 
381 135 1 
381 137 4 
381 180 4 
381 193 4 
381 197 3 
381 203 4 
381 205 4 
381 223 4 
381 237 2 
381 238 1 
381 268 3 
381 272 5 
381 285 4 
381 302 1 
381 315 5 
381 319 5 
381 321 5 
381 345 5 
381 357 2 
381 425 5 
381 427 2 
381 435 3 
381 464 5 
381 474 3 
381 475 5 
381 478 3 
381 479 4 
381 480 3 
381 483 4 
381 484 2 
381 496 1 
381 505 4 
381 514 5 
381 531 5 
381 603 4 
381 639 4 
381 641 1 
381 657 2 
382 272 4 
382 289 2 
382 302 2 
382 316 1 
382 327 5 
382 343 4 
382 355 4 
382 751 4 
382 989 5 
383 4 2 
383 8 3 
383 12 3 
383 18 1 
383 24 4 
383 29 2 
383 32 3 
383 37 3 
383 42 4 
383 47 2 
383 48 1 
383 50 3 
383 53 5 
383 56 3 
383 58 5 
383 59 1 
383 61 1 
383 79 4 
383 81 5 
383 82 4 
383 87 3 
383 89 1 
383 93 5 
383 98 5 
383 99 5 
383 111 3 
383 114 4 
383 122 1 
383 127 2 
383 128 2 
383 129 3 
383 131 4 
383 133 4 
383 134 3 
383 135 4 
383 136 2 
383 143 3 
383 144 5 
383 145 2 
383 151 4 
383 152 5 
383 153 4 
383 168 1 
383 169 1 
383 171 2 
383 172 5 
383 173 4 
383 174 3 
383 175 4 
383 177 1 
383 180 1 
383 181 1 
383 183 1 
383 186 2 
383 187 2 
383 189 5 
383 191 4 
383 192 4 
383 194 1 
383 195 1 
383 199 2 
383 200 4 
383 207 2 
383 208 2 
383 209 4 
383 211 3 
383 216 4 
383 217 2 
383 218 1 
383 219 1 
383 221 4 
383 224 4 
383 235 4 
383 236 1 
383 238 5 
383 249 4 
383 250 3 
383 253 1 
383 254 3 
383 256 3 
383 257 1 
383 262 4 
383 273 4 
383 276 2 
383 283 4 
383 285 2 
383 286 3 
383 290 1 
383 293 3 
383 304 5 
383 305 3 
383 318 1 
383 320 4 
383 325 5 
383 337 1 
383 340 3 
383 346 3 
383 347 1 
383 367 5 
383 383 1 
383 385 1 
383 403 4 
383 405 5 
383 408 2 
383 417 5 
383 419 3 
383 423 3 
383 425 4 
383 427 4 
383 428 5 
383 429 1 
383 430 2 
383 433 2 
383 435 1 
383 443 2 
383 447 4 
383 451 2 
383 455 2 
383 458 3 
383 461 3 
383 462 3 
383 473 2 
383 474 3 
383 479 3 
383 480 5 
383 482 1 
383 483 4 
383 485 5 
383 486 4 
383 487 1 
383 489 4 
383 492 3 
383 496 2 
383 498 5 
383 500 3 
383 502 1 
383 503 1 
383 506 3 
383 507 5 
383 508 5 
383 511 1 
383 512 5 
383 520 4 
383 521 2 
383 523 3 
383 524 4 
383 525 3 
383 526 3 
383 529 5 
383 557 5 
383 603 2 
383 604 1 
383 606 4 
383 616 5 
383 631 4 
383 650 5 
383 652 3 
383 653 3 
383 654 1 
383 657 4 
383 658 3 
383 659 1 
383 661 1 
383 663 4 
383 664 2 
383 673 3 
383 674 3 
383 675 4 
383 705 4 
383 719 2 
383 727 4 
383 732 3 
383 739 4 
383 745 4 
383 794 4 
383 851 5 
383 855 5 
383 865 5 
383 871 1 
383 896 1 
383 900 3 
383 919 3 
383 922 2 
383 940 4 
383 942 3 
383 945 1 
383 959 3 
383 961 2 
383 965 5 
384 24 4 
384 50 1 
384 121 4 
384 222 3 
384 273 2 
384 455 1 
384 685 4 
384 825 2 
384 833 1 
384 840 3 
385 2 1 
385 4 3 
385 7 3 
385 8 2 
385 10 5 
385 11 4 
385 13 5 
385 20 4 
385 22 4 
385 23 2 
385 24 2 
385 27 2 
385 31 4 
385 32 2 
385 33 3 
385 39 1 
385 47 3 
385 48 3 
385 50 5 
385 52 2 
385 55 5 
385 56 1 
385 58 1 
385 61 1 
385 62 5 
385 64 3 
385 68 4 
385 71 1 
385 76 1 
385 79 1 
385 81 1 
385 82 2 
385 83 4 
385 89 1 
385 91 5 
385 92 3 
385 93 1 
385 96 5 
385 97 3 
385 98 3 
385 99 3 
385 101 4 
385 102 1 
385 113 5 
385 114 1 
385 116 5 
385 117 1 
385 121 5 
385 123 2 
385 127 4 
385 129 1 
385 133 2 
385 135 1 
385 136 1 
385 144 4 
385 147 4 
385 151 4 
385 152 3 
385 156 2 
385 161 3 
385 168 2 
385 169 2 
385 176 2 
385 180 5 
385 181 2 
385 182 3 
385 183 3 
385 184 4 
385 186 3 
385 187 1 
385 189 3 
385 190 2 
385 192 3 
385 193 4 
385 194 1 
385 195 3 
385 196 1 
385 197 5 
385 198 1 
385 200 2 
385 201 3 
385 202 1 
385 203 4 
385 205 3 
385 206 2 
385 208 4 
385 209 1 
385 210 5 
385 211 4 
385 215 2 
385 217 5 
385 218 4 
385 219 5 
385 222 1 
385 223 1 
385 224 4 
385 226 1 
385 228 3 
385 229 3 
385 230 5 
385 231 2 
385 233 1 
385 238 2 
385 241 2 
385 246 3 
385 248 3 
385 250 4 
385 258 2 
385 265 1 
385 268 5 
385 273 4 
385 277 1 
385 288 3 
385 289 1 
385 293 2 
385 294 1 
385 295 1 
385 298 5 
385 317 5 
385 318 2 
385 319 2 
385 320 2 
385 321 4 
385 325 1 
385 333 2 
385 357 4 
385 380 3 
385 381 4 
385 385 4 
385 393 4 
385 403 3 
385 410 3 
385 414 4 
385 418 2 
385 423 1 
385 428 5 
385 429 1 
385 430 1 
385 431 3 
385 432 3 
385 435 1 
385 436 3 
385 441 4 
385 444 3 
385 446 1 
385 447 4 
385 448 2 
385 455 3 
385 458 5 
385 461 3 
385 463 4 
385 473 5 
385 474 3 
385 475 2 
385 477 3 
385 488 1 
385 496 4 
385 508 4 
385 511 1 
385 514 4 
385 515 3 
385 520 2 
385 526 4 
385 528 3 
385 547 4 
385 549 2 
385 558 1 
385 559 5 
385 561 5 
385 564 3 
385 566 2 
385 569 3 
385 578 2 
385 580 5 
385 582 1 
385 583 4 
385 593 1 
385 603 1 
385 619 3 
385 625 5 
385 642 5 
385 650 1 
385 651 1 
385 659 1 
385 663 2 
385 672 2 
385 674 5 
385 678 4 
385 679 3 
385 684 2 
385 692 3 
385 693 1 
385 697 2 
385 715 1 
385 732 1 
385 735 3 
385 737 2 
385 742 5 
385 744 4 
385 768 4 
385 769 5 
385 772 4 
385 773 2 
385 774 1 
385 789 3 
385 790 4 
385 806 2 
385 844 5 
385 845 2 
385 854 1 
385 856 5 
385 919 2 
385 942 1 
385 943 2 
385 952 3 
385 969 1 
385 972 1 
385 984 5 
386 5 3 
386 56 2 
386 100 5 
386 111 4 
386 117 5 
386 147 5 
386 184 4 
386 237 5 
386 259 2 
386 288 5 
386 298 4 
386 307 4 
386 310 3 
386 315 2 
386 323 1 
386 326 1 
386 333 2 
386 508 3 
386 569 4 
386 591 3 
386 628 3 
386 678 4 
386 680 2 
386 682 5 
386 690 2 
386 742 4 
386 769 4 
386 773 5 
386 816 1 
386 845 5 
386 871 5 
386 895 4 
387 4 1 
387 8 5 
387 23 1 
387 25 5 
387 28 4 
387 29 3 
387 38 3 
387 40 2 
387 42 4 
387 47 1 
387 50 5 
387 53 1 
387 56 1 
387 58 1 
387 59 5 
387 64 1 
387 65 2 
387 66 3 
387 69 3 
387 72 1 
387 77 1 
387 79 3 
387 80 5 
387 82 2 
387 88 5 
387 90 5 
387 94 5 
387 95 5 
387 98 4 
387 99 4 
387 100 1 
387 105 2 
387 109 4 
387 111 5 
387 118 1 
387 127 2 
387 131 2 
387 132 1 
387 136 1 
387 142 3 
387 151 4 
387 152 5 
387 153 4 
387 154 1 
387 159 3 
387 160 5 
387 167 2 
387 168 1 
387 172 4 
387 173 2 
387 174 5 
387 176 4 
387 178 3 
387 179 2 
387 181 4 
387 185 2 
387 186 4 
387 191 2 
387 194 4 
387 197 2 
387 202 3 
387 204 3 
387 205 3 
387 208 4 
387 210 3 
387 211 2 
387 216 5 
387 217 3 
387 234 2 
387 238 1 
387 249 1 
387 275 5 
387 283 5 
387 285 3 
387 300 2 
387 301 1 
387 346 2 
387 378 2 
387 383 1 
387 384 4 
387 393 5 
387 395 4 
387 396 3 
387 401 5 
387 404 1 
387 407 5 
387 410 2 
387 411 5 
387 414 4 
387 416 2 
387 420 3 
387 423 5 
387 428 2 
387 429 1 
387 435 5 
387 451 1 
387 454 2 
387 467 2 
387 471 3 
387 474 3 
387 475 1 
387 477 5 
387 478 1 
387 479 1 
387 480 3 
387 481 4 
387 483 5 
387 484 2 
387 490 1 
387 491 2 
387 492 3 
387 493 3 
387 497 4 
387 498 2 
387 499 3 
387 501 3 
387 502 4 
387 503 5 
387 504 1 
387 506 2 
387 507 5 
387 509 1 
387 510 5 
387 514 4 
387 517 5 
387 518 1 
387 519 3 
387 520 3 
387 525 2 
387 526 2 
387 550 4 
387 558 4 
387 568 4 
387 583 1 
387 584 5 
387 588 5 
387 591 3 
387 602 5 
387 604 2 
387 605 2 
387 607 1 
387 610 1 
387 612 5 
387 613 4 
387 615 5 
387 616 4 
387 630 3 
387 631 5 
387 642 3 
387 649 2 
387 656 2 
387 657 3 
387 661 1 
387 662 5 
387 671 3 
387 674 1 
387 693 5 
387 699 4 
387 700 1 
387 705 2 
387 712 5 
387 715 2 
387 731 5 
387 732 2 
387 736 3 
387 739 5 
387 756 2 
387 763 1 
387 778 3 
387 780 3 
387 785 4 
387 792 4 
387 820 1 
387 824 1 
387 835 5 
387 836 5 
387 845 1 
387 847 2 
387 923 1 
387 926 2 
387 942 5 
387 945 3 
387 954 4 
387 997 1 
388 1 5 
388 9 5 
388 13 5 
388 126 3 
388 258 4 
388 275 4 
388 302 3 
388 304 5 
388 319 3 
388 328 3 
388 329 2 
388 331 3 
388 740 5 
388 742 1 
388 845 1 
388 989 4 
389 9 5 
389 11 3 
389 12 3 
389 15 3 
389 22 3 
389 31 1 
389 47 1 
389 48 3 
389 56 1 
389 58 4 
389 59 2 
389 60 4 
389 64 2 
389 69 1 
389 71 5 
389 76 4 
389 89 1 
389 97 1 
389 100 3 
389 127 4 
389 132 1 
389 134 4 
389 148 5 
389 168 4 
389 173 3 
389 182 4 
389 188 3 
389 191 2 
389 195 1 
389 197 3 
389 200 4 
389 203 3 
389 204 2 
389 205 1 
389 213 4 
389 215 1 
389 222 5 
389 234 3 
389 237 2 
389 238 3 
389 258 5 
389 264 4 
389 276 5 
389 282 3 
389 286 4 
389 288 2 
389 294 3 
389 300 1 
389 318 3 
389 334 4 
389 357 5 
389 421 4 
389 458 4 
389 460 1 
389 471 1 
389 474 2 
389 479 3 
389 480 3 
389 482 4 
389 490 1 
389 491 1 
389 498 1 
389 504 3 
389 507 3 
389 508 2 
389 510 3 
389 511 1 
389 527 3 
389 530 4 
389 544 4 
389 546 4 
389 603 2 
389 604 3 
389 628 2 
389 646 5 
389 659 2 
389 661 1 
389 678 3 
389 748 5 
389 772 5 
389 774 3 
389 963 5 
390 8 2 
390 23 4 
390 58 2 
390 59 4 
390 99 5 
390 114 4 
390 129 4 
390 166 5 
390 169 3 
390 170 4 
390 172 2 
390 173 4 
390 178 2 
390 179 1 
390 180 5 
390 181 4 
390 189 2 
390 191 5 
390 197 5 
390 199 3 
390 200 5 
390 209 1 
390 244 4 
390 248 4 
390 249 4 
390 250 3 
390 255 5 
390 257 5 
390 260 4 
390 268 5 
390 270 1 
390 271 3 
390 272 4 
390 276 5 
390 285 3 
390 288 1 
390 289 3 
390 293 2 
390 294 4 
390 297 1 
390 300 5 
390 302 4 
390 303 5 
390 304 2 
390 310 3 
390 312 4 
390 313 2 
390 319 4 
390 321 3 
390 323 3 
390 324 2 
390 325 3 
390 328 4 
390 333 5 
390 340 1 
390 344 4 
390 345 4 
390 346 4 
390 347 4 
390 463 5 
390 482 1 
390 491 4 
390 492 5 
390 493 2 
390 511 5 
390 515 3 
390 534 2 
390 538 1 
390 615 5 
390 632 3 
390 650 1 
390 663 1 
390 705 1 
390 813 3 
390 847 2 
390 872 4 
390 873 2 
390 880 5 
391 2 4 
391 3 4 
391 4 1 
391 5 5 
391 7 3 
391 11 1 
391 12 3 
391 15 1 
391 17 3 
391 21 5 
391 22 2 
391 24 1 
391 25 4 
391 26 3 
391 27 5 
391 28 4 
391 29 4 
391 31 4 
391 36 5 
391 38 3 
391 40 4 
391 41 1 
391 42 1 
391 48 4 
391 49 5 
391 50 5 
391 51 3 
391 54 5 
391 55 1 
391 56 3 
391 58 5 
391 62 5 
391 64 4 
391 65 3 
391 67 2 
391 68 4 
391 69 4 
391 70 2 
391 71 3 
391 73 4 
391 78 1 
391 79 2 
391 81 1 
391 83 4 
391 84 5 
391 85 2 
391 86 3 
391 87 5 
391 88 2 
391 90 5 
391 94 4 
391 95 5 
391 99 5 
391 100 3 
391 105 4 
391 108 4 
391 109 4 
391 110 4 
391 111 3 
391 117 3 
391 118 2 
391 122 1 
391 123 3 
391 126 2 
391 128 4 
391 132 1 
391 135 4 
391 136 1 
391 138 5 
391 139 1 
391 142 2 
391 144 2 
391 147 4 
391 148 5 
391 153 5 
391 154 3 
391 161 1 
391 168 5 
391 169 5 
391 172 2 
391 173 3 
391 181 2 
391 184 3 
391 186 1 
391 189 2 
391 191 1 
391 194 3 
391 196 2 
391 202 5 
391 203 2 
391 204 1 
391 206 1 
391 215 1 
391 222 1 
391 223 2 
391 227 4 
391 228 2 
391 233 5 
391 237 3 
391 239 4 
391 240 5 
391 241 4 
391 243 3 
391 245 2 
391 252 1 
391 255 3 
391 257 2 
391 258 2 
391 265 2 
391 270 1 
391 271 4 
391 273 5 
391 274 5 
391 275 2 
391 278 5 
391 280 3 
391 281 3 
391 283 4 
391 290 1 
391 291 3 
391 294 5 
391 298 4 
391 303 4 
391 313 5 
391 316 4 
391 317 4 
391 318 4 
391 321 3 
391 323 3 
391 328 5 
391 333 1 
391 338 4 
391 342 3 
391 344 2 
391 347 4 
391 354 3 
391 355 2 
391 356 1 
391 357 5 
391 362 3 
391 363 5 
391 364 1 
391 365 2 
391 366 3 
391 369 5 
391 373 4 
391 374 3 
391 376 1 
391 377 4 
391 378 1 
391 380 4 
391 385 2 
391 386 1 
391 391 1 
391 393 3 
391 394 3 
391 396 5 
391 403 1 
391 404 2 
391 405 3 
391 409 2 
391 410 5 
391 412 5 
391 415 2 
391 417 2 
391 418 5 
391 419 1 
391 420 2 
391 421 1 
391 423 5 
391 431 2 
391 443 2 
391 456 2 
391 465 3 
391 470 1 
391 471 3 
391 472 1 
391 473 4 
391 476 4 
391 477 3 
391 479 1 
391 480 5 
391 496 4 
391 497 4 
391 500 4 
391 501 4 
391 527 2 
391 538 3 
391 539 3 
391 540 2 
391 544 3 
391 546 5 
391 550 3 
391 552 5 
391 553 3 
391 554 4 
391 559 4 
391 561 1 
391 566 2 
391 568 3 
391 569 4 
391 571 3 
391 576 1 
391 578 2 
391 588 3 
391 591 4 
391 596 4 
391 597 1 
391 622 2 
391 623 3 
391 628 2 
391 630 1 
391 633 1 
391 636 4 
391 644 2 
391 651 4 
391 655 4 
391 659 4 
391 672 1 
391 681 4 
391 683 3 
391 685 1 
391 686 4 
391 687 4 
391 690 3 
391 692 3 
391 696 5 
391 705 2 
391 710 1 
391 715 3 
391 717 3 
391 721 2 
391 722 5 
391 725 4 
391 727 2 
391 728 5 
391 731 3 
391 737 4 
391 739 3 
391 742 3 
391 747 3 
391 751 1 
391 755 2 
391 756 5 
391 761 2 
391 763 2 
391 771 4 
391 775 2 
391 778 1 
391 779 4 
391 780 1 
391 781 1 
391 783 3 
391 789 1 
391 792 2 
391 794 5 
391 797 4 
391 802 3 
391 805 4 
391 808 5 
391 810 4 
391 812 3 
391 815 3 
391 821 2 
391 824 3 
391 825 3 
391 826 2 
391 831 3 
391 836 1 
391 840 5 
391 841 1 
391 842 2 
391 843 3 
391 845 1 
391 870 1 
391 871 4 
391 876 5 
391 879 1 
391 890 5 
391 905 3 
391 922 3 
391 929 2 
391 930 2 
391 932 1 
391 939 2 
391 940 2 
391 944 1 
391 949 3 
391 951 3 
391 953 3 
391 964 3 
391 977 5 
391 996 5 
391 997 3 
391 999 2 
391 1000 5 
392 1 2 
392 7 4 
392 28 3 
392 31 1 
392 38 4 
392 39 2 
392 42 1 
392 56 1 
392 63 2 
392 68 5 
392 72 4 
392 73 4 
392 79 1 
392 84 4 
392 88 4 
392 96 4 
392 97 2 
392 98 1 
392 101 5 
392 117 4 
392 121 3 
392 128 5 
392 132 1 
392 144 3 
392 154 1 
392 156 2 
392 158 2 
392 161 4 
392 164 5 
392 172 4 
392 174 2 
392 179 1 
392 181 4 
392 184 2 
392 195 1 
392 208 2 
392 210 4 
392 216 4 
392 217 4 
392 218 3 
392 222 5 
392 226 1 
392 227 2 
392 229 2 
392 230 1 
392 232 1 
392 233 5 
392 238 3 
392 250 1 
392 257 3 
392 265 1 
392 282 5 
392 288 2 
392 313 1 
392 364 2 
392 383 4 
392 385 1 
392 386 3 
392 411 4 
392 416 5 
392 419 5 
392 423 4 
392 433 4 
392 449 1 
392 450 5 
392 455 4 
392 496 5 
392 508 2 
392 540 3 
392 541 1 
392 550 2 
392 552 4 
392 554 2 
392 559 1 
392 561 1 
392 568 5 
392 576 4 
392 578 1 
392 597 5 
392 655 2 
392 658 1 
392 665 1 
392 679 1 
392 746 4 
392 763 2 
392 771 1 
392 773 5 
392 780 4 
392 797 3 
392 802 4 
392 979 3 
393 1 5 
393 50 1 
393 64 1 
393 89 5 
393 97 1 
393 98 3 
393 100 4 
393 121 5 
393 151 5 
393 154 1 
393 174 3 
393 186 5 
393 196 3 
393 210 5 
393 216 4 
393 237 5 
393 252 1 
393 255 4 
393 257 4 
393 273 1 
393 313 2 
393 315 3 
393 328 4 
393 342 5 
393 343 2 
393 423 4 
393 458 3 
393 472 2 
393 632 5 
393 739 5 
393 892 1 
393 924 1 
394 1 2 
394 9 3 
394 25 3 
394 100 3 
394 106 4 
394 117 5 
394 121 4 
394 125 2 
394 222 1 
394 237 5 
394 245 5 
394 260 4 
394 274 1 
394 291 3 
394 300 3 
394 322 3 
394 328 5 
394 329 3 
394 333 4 
394 405 2 
394 455 2 
394 471 5 
394 591 2 
394 619 4 
394 678 2 
394 717 5 
394 751 3 
394 840 4 
394 930 2 
394 977 5 
394 986 1 
395 7 4 
395 8 3 
395 23 4 
395 56 5 
395 95 3 
395 100 3 
395 108 3 
395 109 4 
395 117 3 
395 127 5 
395 134 3 
395 135 1 
395 156 5 
395 171 1 
395 172 1 
395 174 2 
395 177 3 
395 178 5 
395 181 3 
395 183 5 
395 192 4 
395 194 5 
395 197 3 
395 210 1 
395 221 3 
395 223 2 
395 261 3 
395 268 4 
395 286 4 
395 288 5 
395 302 5 
395 313 2 
395 318 2 
395 322 1 
395 324 1 
395 325 2 
395 327 5 
395 334 3 
395 338 1 
395 340 2 
395 345 5 
395 346 2 
395 390 2 
395 423 4 
395 457 4 
395 475 2 
395 479 3 
395 483 5 
395 498 3 
395 513 2 
395 588 5 
395 615 3 
395 641 5 
395 657 4 
395 680 5 
395 705 5 
395 748 3 
395 751 1 
395 853 1 
395 855 1 
395 878 5 
395 894 3 
395 896 4 
395 988 3 
395 989 4 
395 991 5 
396 4 4 
396 12 1 
396 13 1 
396 15 5 
396 25 2 
396 28 3 
396 31 4 
396 47 1 
396 49 5 
396 50 2 
396 56 1 
396 58 1 
396 63 5 
396 64 1 
396 65 1 
396 66 4 
396 69 5 
396 70 2 
396 72 2 
396 73 5 
396 82 3 
396 85 4 
396 88 5 
396 94 5 
396 95 3 
396 117 2 
396 124 4 
396 125 2 
396 126 5 
396 127 5 
396 144 4 
396 152 4 
396 154 1 
396 159 2 
396 162 1 
396 163 1 
396 167 4 
396 168 5 
396 172 3 
396 173 2 
396 174 1 
396 178 4 
396 181 5 
396 182 2 
396 183 5 
396 186 4 
396 191 1 
396 194 4 
396 196 5 
396 197 3 
396 199 5 
396 202 3 
396 203 2 
396 204 4 
396 205 5 
396 211 5 
396 216 2 
396 227 4 
396 228 2 
396 229 5 
396 230 3 
396 234 5 
396 235 2 
396 239 5 
396 274 5 
396 276 3 
396 284 1 
396 357 3 
396 385 3 
396 393 5 
396 399 2 
396 403 5 
396 414 2 
396 417 3 
396 423 5 
396 429 5 
396 430 2 
396 432 4 
396 435 1 
396 474 1 
396 476 4 
396 479 4 
396 480 3 
396 481 3 
396 485 2 
396 491 1 
396 493 4 
396 494 1 
396 495 2 
396 496 1 
396 497 2 
396 498 3 
396 501 4 
396 502 2 
396 504 1 
396 510 4 
396 514 3 
396 519 1 
396 520 4 
396 521 5 
396 525 1 
396 588 2 
396 589 3 
396 591 5 
396 602 2 
396 648 1 
396 654 4 
396 663 1 
396 692 2 
396 700 3 
396 710 1 
396 715 5 
396 732 2 
396 735 2 
396 737 2 
396 756 2 
396 796 4 
396 953 5 
396 969 3 
396 991 5 
396 993 2 
397 2 1 
397 5 1 
397 8 4 
397 9 2 
397 15 1 
397 22 1 
397 26 3 
397 31 3 
397 33 2 
397 38 3 
397 41 1 
397 42 2 
397 48 4 
397 53 1 
397 55 4 
397 56 3 
397 57 4 
397 58 1 
397 62 4 
397 63 1 
397 66 4 
397 67 4 
397 68 4 
397 69 3 
397 71 4 
397 72 1 
397 73 4 
397 77 4 
397 79 3 
397 80 5 
397 84 4 
397 91 2 
397 94 1 
397 95 3 
397 97 1 
397 98 4 
397 99 1 
397 102 5 
397 110 5 
397 114 2 
397 117 4 
397 118 5 
397 121 5 
397 127 2 
397 128 3 
397 132 3 
397 140 5 
397 143 4 
397 144 1 
397 147 2 
397 148 5 
397 153 5 
397 154 3 
397 155 2 
397 156 5 
397 157 1 
397 161 5 
397 164 2 
397 172 3 
397 173 5 
397 174 2 
397 175 1 
397 179 3 
397 180 5 
397 181 3 
397 186 1 
397 187 2 
397 188 2 
397 195 2 
397 196 3 
397 203 2 
397 204 5 
397 210 3 
397 214 4 
397 215 1 
397 219 1 
397 223 3 
397 226 1 
397 227 1 
397 228 2 
397 229 3 
397 230 4 
397 231 5 
397 233 1 
397 234 2 
397 237 4 
397 238 5 
397 239 1 
397 241 3 
397 264 1 
397 265 4 
397 268 4 
397 273 4 
397 274 4 
397 276 2 
397 282 2 
397 284 2 
397 288 5 
397 289 2 
397 291 5 
397 295 3 
397 301 2 
397 307 4 
397 318 1 
397 323 3 
397 332 2 
397 338 1 
397 340 5 
397 364 4 
397 372 2 
397 378 5 
397 382 4 
397 383 1 
397 384 4 
397 385 2 
397 386 2 
397 388 5 
397 389 2 
397 393 4 
397 399 3 
397 400 1 
397 401 3 
397 402 4 
397 403 5 
397 405 1 
397 407 1 
397 412 5 
397 413 1 
397 418 3 
397 420 3 
397 423 5 
397 431 2 
397 432 5 
397 436 4 
397 444 1 
397 450 3 
397 451 1 
397 452 1 
397 454 5 
397 455 1 
397 459 2 
397 470 3 
397 471 3 
397 475 1 
397 486 2 
397 496 4 
397 501 1 
397 506 3 
397 508 1 
397 527 2 
397 531 3 
397 542 4 
397 543 4 
397 544 3 
397 546 3 
397 549 4 
397 550 2 
397 551 4 
397 554 5 
397 559 2 
397 564 1 
397 566 3 
397 568 3 
397 575 1 
397 576 4 
397 578 5 
397 582 4 
397 587 3 
397 588 5 
397 591 1 
397 597 5 
397 616 2 
397 622 3 
397 628 2 
397 633 4 
397 651 2 
397 655 4 
397 673 4 
397 679 5 
397 684 2 
397 693 5 
397 697 3 
397 710 1 
397 720 4 
397 722 1 
397 727 2 
397 732 5 
397 735 5 
397 738 2 
397 742 3 
397 744 1 
397 747 5 
397 754 5 
397 755 4 
397 760 1 
397 763 1 
397 768 3 
397 769 1 
397 772 2 
397 774 1 
397 779 1 
397 781 3 
397 806 3 
397 809 1 
397 813 5 
397 817 3 
397 824 4 
397 825 2 
397 826 4 
397 845 3 
397 924 5 
397 926 2 
397 928 2 
397 941 2 
397 946 2 
397 959 1 
397 969 5 
397 975 1 
397 977 2 
397 986 2 
398 258 5 
398 286 2 
398 288 1 
398 294 5 
398 300 3 
398 304 5 
398 332 4 
398 689 4 
398 690 5 
399 9 4 
399 11 1 
399 13 3 
399 14 4 
399 25 2 
399 26 1 
399 44 3 
399 50 3 
399 64 2 
399 65 5 
399 69 4 
399 70 1 
399 71 4 
399 83 2 
399 97 2 
399 100 5 
399 117 1 
399 127 1 
399 133 1 
399 135 1 
399 143 5 
399 144 1 
399 147 3 
399 151 3 
399 153 3 
399 154 2 
399 157 3 
399 161 2 
399 162 2 
399 172 2 
399 173 3 
399 174 1 
399 181 4 
399 194 3 
399 196 3 
399 197 2 
399 198 2 
399 199 5 
399 202 4 
399 204 4 
399 210 3 
399 225 3 
399 248 5 
399 257 2 
399 272 2 
399 273 2 
399 275 3 
399 276 5 
399 280 1 
399 282 4 
399 294 1 
399 302 1 
399 312 2 
399 315 3 
399 316 5 
399 321 3 
399 322 3 
399 328 3 
399 342 5 
399 356 3 
399 357 2 
399 365 3 
399 371 4 
399 385 3 
399 404 3 
399 430 4 
399 435 5 
399 451 4 
399 462 2 
399 471 5 
399 473 3 
399 477 1 
399 478 2 
399 481 5 
399 483 1 
399 485 1 
399 486 5 
399 493 5 
399 499 2 
399 501 4 
399 507 4 
399 508 5 
399 509 4 
399 511 5 
399 515 2 
399 519 5 
399 520 1 
399 527 4 
399 528 3 
399 535 2 
399 553 5 
399 566 4 
399 582 4 
399 588 4 
399 603 3 
399 604 4 
399 609 1 
399 630 3 
399 632 1 
399 638 3 
399 651 5 
399 654 4 
399 655 1 
399 659 1 
399 661 2 
399 684 2 
399 707 3 
399 724 5 
399 735 5 
399 748 4 
399 762 1 
399 815 5 
399 866 4 
399 892 2 
400 7 5 
400 9 3 
400 10 5 
400 12 2 
400 13 1 
400 16 4 
400 19 4 
400 25 5 
400 42 2 
400 50 2 
400 111 5 
400 116 5 
400 117 4 
400 124 5 
400 126 4 
400 127 3 
400 135 1 
400 151 4 
400 182 4 
400 204 4 
400 235 5 
400 237 2 
400 245 3 
400 255 4 
400 257 3 
400 273 2 
400 276 4 
400 286 2 
400 455 2 
400 471 2 
400 475 3 
400 476 3 
400 479 2 
400 480 3 
400 483 2 
400 511 2 
400 515 2 
400 529 1 
400 628 4 
400 696 4 
400 864 2 
