201 1 5 
201 111 2 
201 268 4 
201 283 4 
201 291 3 
201 305 1 
201 331 3 
201 740 5 
202 259 4 
202 292 2 
202 682 1 
202 872 5 
202 877 5 
202 880 3 
202 887 2 
202 895 1 
202 948 3 
203 7 2 
203 9 4 
203 100 3 
203 106 2 
203 111 2 
203 117 1 
203 118 3 
203 121 2 
203 123 3 
203 129 4 
203 148 3 
203 181 3 
203 222 3 
203 235 4 
203 274 4 
203 276 2 
203 284 5 
203 291 5 
203 370 2 
203 410 2 
203 471 3 
203 472 4 
203 515 3 
203 546 5 
203 597 3 
203 685 1 
203 748 5 
203 845 3 
203 864 3 
203 866 5 
203 925 5 
203 928 5 
204 22 5 
204 66 4 
204 243 5 
204 245 3 
204 258 3 
204 259 5 
204 269 1 
204 270 4 
204 289 1 
204 300 4 
204 307 5 
204 310 5 
204 313 2 
204 323 1 
204 327 1 
204 331 3 
204 333 1 
204 342 3 
204 343 1 
204 348 2 
204 678 1 
204 683 3 
204 687 5 
204 689 5 
204 690 5 
204 748 2 
204 754 5 
204 879 3 
204 892 4 
204 901 4 
205 2 1 
205 5 3 
205 8 4 
205 11 4 
205 12 2 
205 22 1 
205 23 5 
205 28 2 
205 29 2 
205 30 3 
205 31 2 
205 32 3 
205 33 2 
205 37 5 
205 38 4 
205 39 4 
205 40 3 
205 41 4 
205 42 4 
205 43 5 
205 45 4 
205 47 3 
205 48 2 
205 49 2 
205 50 2 
205 51 4 
205 52 5 
205 53 4 
205 55 5 
205 56 4 
205 57 4 
205 58 5 
205 60 1 
205 61 4 
205 62 5 
205 63 1 
205 64 5 
205 66 5 
205 67 5 
205 68 3 
205 70 2 
205 71 4 
205 72 3 
205 73 1 
205 75 2 
205 76 4 
205 77 5 
205 78 2 
205 80 1 
205 81 5 
205 82 5 
205 83 2 
205 85 5 
205 87 4 
205 88 3 
205 90 4 
205 91 4 
205 92 2 
205 94 1 
205 96 5 
205 97 5 
205 98 1 
205 101 4 
205 102 3 
205 127 5 
205 132 4 
205 135 4 
205 139 5 
205 141 2 
205 142 1 
205 149 5 
205 161 5 
205 168 1 
205 169 3 
205 172 2 
205 173 4 
205 175 1 
205 178 1 
205 179 4 
205 180 3 
205 183 3 
205 184 1 
205 185 2 
205 186 3 
205 188 3 
205 189 2 
205 190 2 
205 191 5 
205 192 2 
205 193 4 
205 195 5 
205 197 2 
205 198 5 
205 199 3 
205 200 2 
205 202 1 
205 204 5 
205 206 5 
205 207 3 
205 208 3 
205 210 4 
205 211 5 
205 212 2 
205 214 5 
205 215 4 
205 216 1 
205 217 1 
205 218 1 
205 219 5 
205 226 5 
205 227 2 
205 228 3 
205 229 3 
205 230 2 
205 231 4 
205 232 2 
205 233 4 
205 234 5 
205 238 1 
205 239 5 
205 265 5 
205 288 5 
205 302 2 
205 308 3 
205 317 4 
205 318 2 
205 347 2 
205 350 4 
205 351 5 
205 356 2 
205 361 5 
205 364 2 
205 365 5 
205 366 5 
205 367 3 
205 371 2 
205 374 3 
205 376 5 
205 377 1 
205 379 5 
205 383 2 
205 384 1 
205 386 1 
205 387 5 
205 388 1 
205 391 4 
205 393 5 
205 395 3 
205 396 4 
205 397 5 
205 399 2 
205 400 2 
205 402 5 
205 403 5 
205 404 2 
205 414 1 
205 415 5 
205 416 3 
205 417 3 
205 419 2 
205 420 2 
205 421 5 
205 422 3 
205 423 2 
205 426 1 
205 427 4 
205 430 4 
205 431 1 
205 433 5 
205 434 2 
205 437 5 
205 438 5 
205 439 4 
205 440 4 
205 441 5 
205 442 2 
205 444 5 
205 446 4 
205 447 4 
205 448 3 
205 449 2 
205 450 2 
205 451 2 
205 452 4 
205 453 5 
205 461 4 
205 462 1 
205 463 5 
205 464 4 
205 465 3 
205 467 1 
205 469 1 
205 470 3 
205 480 2 
205 482 5 
205 501 4 
205 504 5 
205 509 5 
205 510 5 
205 511 5 
205 514 5 
205 515 2 
205 516 4 
205 517 4 
205 518 4 
205 519 5 
205 520 2 
205 521 1 
205 522 3 
205 523 5 
205 524 1 
205 525 4 
205 526 5 
205 527 3 
205 528 5 
205 529 3 
205 530 1 
205 536 5 
205 537 4 
205 540 1 
205 541 3 
205 543 4 
205 545 2 
205 548 5 
205 549 5 
205 551 1 
205 552 1 
205 553 1 
205 555 5 
205 556 3 
205 557 5 
205 558 5 
205 559 4 
205 560 1 
205 561 3 
205 562 4 
205 563 4 
205 564 1 
205 565 3 
205 566 1 
205 567 4 
205 568 5 
205 569 4 
205 570 3 
205 573 4 
205 574 5 
205 575 3 
205 577 3 
205 578 3 
205 579 2 
205 580 5 
205 581 4 
205 583 2 
205 584 4 
205 585 2 
205 586 1 
205 588 5 
205 592 4 
205 593 4 
205 603 5 
205 606 1 
205 622 4 
205 623 2 
205 624 3 
205 625 2 
205 626 3 
205 627 4 
205 639 3 
205 642 1 
205 643 1 
205 644 5 
205 645 2 
205 647 4 
205 648 2 
205 649 3 
205 650 3 
205 651 1 
205 652 4 
205 653 3 
205 654 3 
205 655 4 
205 656 1 
205 659 4 
205 661 1 
205 662 5 
205 664 4 
205 666 4 
205 667 5 
205 669 3 
205 670 3 
205 671 1 
205 673 1 
205 674 1 
205 675 3 
205 679 3 
205 684 5 
205 692 2 
205 693 4 
205 694 1 
205 695 4 
205 697 5 
205 699 3 
205 700 5 
205 702 1 
205 707 1 
205 708 5 
205 710 4 
205 712 2 
205 714 4 
205 715 3 
205 716 2 
205 719 4 
205 720 1 
205 721 4 
205 722 4 
205 723 1 
205 726 3 
205 727 5 
205 728 3 
205 729 5 
205 731 4 
205 732 4 
205 734 3 
205 736 3 
205 739 1 
205 745 4 
205 746 3 
205 747 4 
205 753 5 
205 755 4 
205 759 5 
205 761 2 
205 765 5 
205 768 5 
205 769 2 
205 770 2 
205 771 5 
205 772 1 
205 773 4 
205 774 4 
205 775 4 
205 776 3 
205 777 4 
205 778 5 
205 779 3 
205 780 2 
205 782 4 
205 783 5 
205 784 1 
205 785 5 
205 786 3 
205 787 3 
205 788 3 
205 789 2 
205 790 2 
205 791 2 
205 793 3 
205 794 5 
205 795 1 
205 796 4 
205 798 5 
205 802 4 
205 807 5 
205 808 1 
205 810 5 
205 812 5 
205 816 1 
205 842 2 
205 843 3 
205 849 1 
205 851 3 
205 853 2 
205 854 3 
205 855 3 
205 858 1 
205 859 5 
205 860 2 
205 861 4 
205 904 5 
205 921 2 
205 939 1 
205 941 3 
205 943 4 
205 944 4 
205 946 2 
205 947 1 
205 949 2 
205 951 4 
205 953 1 
205 955 3 
205 956 2 
205 957 3 
205 959 2 
205 960 2 
205 964 3 
205 969 1 
205 971 4 
205 994 5 
205 996 3 
205 997 4 
205 999 2 
206 1 2 
206 3 2 
206 4 5 
206 5 4 
206 7 3 
206 8 3 
206 10 5 
206 11 2 
206 12 3 
206 13 3 
206 14 1 
206 15 2 
206 20 2 
206 22 1 
206 24 4 
206 25 1 
206 28 5 
206 30 3 
206 32 3 
206 39 3 
206 40 3 
206 42 5 
206 47 1 
206 48 4 
206 50 2 
206 52 1 
206 58 5 
206 63 1 
206 64 3 
206 69 5 
206 71 2 
206 72 5 
206 79 1 
206 85 1 
206 86 1 
206 87 3 
206 89 2 
206 92 2 
206 93 1 
206 96 3 
206 99 3 
206 115 3 
206 117 5 
206 121 5 
206 123 1 
206 125 1 
206 127 2 
206 129 1 
206 131 4 
206 132 5 
206 133 2 
206 134 5 
206 135 2 
206 136 5 
206 143 2 
206 148 2 
206 151 3 
206 152 5 
206 153 4 
206 156 1 
206 158 1 
206 164 3 
206 168 3 
206 170 1 
206 172 3 
206 173 1 
206 174 4 
206 175 4 
206 179 4 
206 181 4 
206 182 4 
206 183 5 
206 186 2 
206 187 1 
206 188 4 
206 190 4 
206 191 4 
206 194 2 
206 195 1 
206 196 3 
206 198 2 
206 199 3 
206 202 5 
206 203 2 
206 204 3 
206 206 1 
206 209 5 
206 211 4 
206 212 4 
206 213 2 
206 215 2 
206 218 1 
206 219 4 
206 220 4 
206 222 2 
206 228 1 
206 234 3 
206 235 1 
206 237 5 
206 238 4 
206 239 1 
206 240 4 
206 274 1 
206 275 3 
206 276 2 
206 277 2 
206 284 1 
206 289 1 
206 317 5 
206 318 2 
206 357 1 
206 368 5 
206 381 1 
206 396 5 
206 404 3 
206 405 3 
206 410 2 
206 411 1 
206 414 1 
206 418 4 
206 419 2 
206 420 3 
206 421 4 
206 427 3 
206 428 5 
206 429 5 
206 430 1 
206 431 4 
206 434 3 
206 435 2 
206 436 2 
206 443 4 
206 447 5 
206 451 2 
206 452 5 
206 453 2 
206 461 1 
206 463 4 
206 468 4 
206 469 3 
206 474 2 
206 476 1 
206 479 2 
206 480 2 
206 481 4 
206 482 4 
206 485 1 
206 487 3 
206 488 2 
206 490 1 
206 496 5 
206 498 5 
206 499 5 
206 501 4 
206 503 4 
206 504 4 
206 505 1 
206 507 5 
206 508 3 
206 509 2 
206 511 1 
206 514 2 
206 515 5 
206 517 3 
206 519 2 
206 520 2 
206 523 1 
206 524 3 
206 526 1 
206 527 4 
206 528 1 
206 529 4 
206 543 1 
206 559 4 
206 561 2 
206 573 2 
206 582 1 
206 588 2 
206 589 3 
206 591 5 
206 596 2 
206 605 3 
206 606 5 
206 607 4 
206 608 2 
206 610 1 
206 611 2 
206 612 2 
206 624 3 
206 632 3 
206 633 5 
206 634 3 
206 638 4 
206 639 2 
206 640 4 
206 641 3 
206 642 3 
206 645 4 
206 647 4 
206 651 1 
206 652 5 
206 655 2 
206 662 3 
206 663 1 
206 664 3 
206 665 5 
206 672 2 
206 675 5 
206 692 4 
206 693 4 
206 699 1 
206 701 3 
206 705 3 
206 712 5 
206 713 1 
206 715 5 
206 727 1 
206 732 5 
206 735 2 
206 737 1 
206 745 2 
206 746 1 
206 747 2 
206 756 3 
206 772 1 
206 787 4 
206 813 5 
206 823 1 
206 825 4 
206 826 1 
206 831 4 
206 845 4 
206 919 1 
206 921 4 
206 923 1 
206 942 2 
206 960 1 
206 962 4 
207 1 3 
207 2 3 
207 4 2 
207 8 2 
207 25 3 
207 28 5 
207 29 4 
207 40 3 
207 45 5 
207 50 3 
207 56 5 
207 62 1 
207 68 1 
207 69 1 
207 70 2 
207 82 5 
207 88 5 
207 89 3 
207 91 2 
207 96 1 
207 97 3 
207 98 5 
207 99 2 
207 100 1 
207 117 2 
207 118 3 
207 123 5 
207 127 4 
207 132 4 
207 135 1 
207 143 3 
207 144 4 
207 147 3 
207 157 1 
207 158 1 
207 159 2 
207 161 3 
207 163 1 
207 172 4 
207 173 1 
207 174 5 
207 177 5 
207 179 4 
207 180 4 
207 181 5 
207 182 1 
207 183 1 
207 185 4 
207 186 5 
207 188 1 
207 193 2 
207 194 5 
207 196 1 
207 197 3 
207 200 1 
207 201 3 
207 202 5 
207 203 5 
207 205 2 
207 208 3 
207 209 3 
207 211 4 
207 214 4 
207 215 1 
207 216 3 
207 217 1 
207 218 5 
207 222 1 
207 223 1 
207 226 5 
207 227 5 
207 228 3 
207 229 1 
207 230 4 
207 231 4 
207 232 4 
207 235 5 
207 238 5 
207 239 1 
207 244 2 
207 248 5 
207 249 3 
207 250 2 
207 255 5 
207 257 5 
207 265 4 
207 269 2 
207 274 5 
207 286 1 
207 289 2 
207 290 1 
207 291 3 
207 313 3 
207 316 4 
207 345 1 
207 357 4 
207 371 4 
207 382 3 
207 385 1 
207 393 5 
207 399 3 
207 400 2 
207 405 4 
207 416 2 
207 418 1 
207 423 1 
207 427 5 
207 428 4 
207 432 5 
207 433 4 
207 436 2 
207 447 2 
207 448 4 
207 449 2 
207 455 2 
207 466 1 
207 476 4 
207 478 2 
207 479 1 
207 483 3 
207 484 5 
207 493 1 
207 496 2 
207 502 2 
207 508 2 
207 510 2 
207 514 1 
207 519 1 
207 521 1 
207 525 3 
207 559 1 
207 561 2 
207 565 4 
207 588 2 
207 603 4 
207 616 3 
207 629 4 
207 635 5 
207 642 3 
207 648 1 
207 656 4 
207 657 4 
207 660 1 
207 675 4 
207 684 2 
207 705 5 
207 710 2 
207 712 2 
207 715 3 
207 729 5 
207 732 1 
207 746 5 
207 755 3 
207 756 3 
207 785 1 
207 844 1 
207 859 2 
207 869 3 
207 879 2 
207 949 2 
207 969 1 
207 972 1 
207 993 3 
208 270 1 
208 271 2 
208 286 4 
208 294 1 
208 300 1 
208 313 4 
208 315 1 
208 319 5 
208 328 1 
208 347 3 
208 358 5 
208 539 4 
208 683 3 
208 689 3 
208 748 4 
209 6 1 
209 8 1 
209 9 3 
209 12 3 
209 14 3 
209 22 5 
209 23 2 
209 28 5 
209 30 3 
209 48 5 
209 50 2 
209 58 5 
209 59 4 
209 60 2 
209 65 5 
209 87 3 
209 97 2 
209 98 1 
209 99 1 
209 100 3 
209 133 3 
209 135 5 
209 153 5 
209 154 3 
209 156 2 
209 162 3 
209 166 2 
209 168 2 
209 170 3 
209 172 4 
209 173 1 
209 174 3 
209 175 3 
209 179 2 
209 181 5 
209 186 4 
209 191 4 
209 192 1 
209 195 5 
209 197 2 
209 199 4 
209 200 5 
209 201 3 
209 202 4 
209 203 4 
209 204 2 
209 205 2 
209 207 1 
209 209 3 
209 210 2 
209 213 4 
209 214 3 
209 216 3 
209 223 3 
209 264 3 
209 266 3 
209 270 5 
209 275 2 
209 276 1 
209 283 4 
209 285 3 
209 286 5 
209 288 1 
209 300 1 
209 303 5 
209 318 2 
209 321 3 
209 322 5 
209 325 4 
209 327 4 
209 339 4 
209 343 2 
209 357 3 
209 367 4 
209 381 4 
209 382 3 
209 404 1 
209 427 4 
209 428 5 
209 429 5 
209 430 3 
209 433 3 
209 435 2 
209 461 4 
209 478 1 
209 479 1 
209 480 5 
209 481 3 
209 482 2 
209 483 4 
209 485 3 
209 486 3 
209 489 4 
209 491 1 
209 493 1 
209 496 3 
209 497 1 
209 498 3 
209 504 2 
209 505 3 
209 514 1 
209 516 2 
209 518 1 
209 520 3 
209 523 5 
209 526 3 
209 527 5 
209 528 3 
209 530 5 
209 604 1 
209 606 1 
209 607 2 
209 608 3 
209 609 4 
209 615 3 
209 618 4 
209 631 2 
209 633 1 
209 647 3 
209 654 3 
209 659 3 
209 661 1 
209 664 2 
209 676 4 
209 680 4 
209 684 2 
209 708 2 
209 709 2 
209 714 2 
209 733 4 
209 749 5 
209 855 1 
209 877 2 
209 879 3 
209 937 1 
209 945 3 
209 965 4 
209 995 5 
210 258 1 
210 269 4 
210 286 4 
210 289 2 
210 300 4 
210 311 2 
210 312 5 
210 313 5 
210 315 3 
210 316 2 
210 323 1 
210 328 1 
210 340 4 
210 354 2 
210 690 5 
210 754 2 
210 873 3 
210 898 1 
210 905 2 
211 1 2 
211 4 2 
211 9 5 
211 22 2 
211 38 2 
211 56 5 
211 73 5 
211 88 5 
211 117 4 
211 161 3 
211 168 5 
211 172 3 
211 181 2 
211 186 2 
211 195 1 
211 196 1 
211 208 3 
211 209 1 
211 210 3 
211 222 5 
211 227 3 
211 228 3 
211 229 1 
211 230 4 
211 258 2 
211 265 4 
211 276 1 
211 318 1 
211 405 1 
211 435 2 
211 449 1 
211 451 3 
211 485 2 
211 527 5 
211 566 3 
211 568 2 
211 651 3 
211 655 1 
211 709 1 
211 720 3 
211 732 5 
211 770 2 
212 4 4 
212 7 4 
212 23 3 
212 24 3 
212 28 2 
212 56 1 
212 64 5 
212 70 5 
212 81 4 
212 92 3 
212 96 3 
212 150 5 
212 154 2 
212 172 2 
212 173 5 
212 175 5 
212 182 5 
212 186 3 
212 193 2 
212 206 2 
212 211 2 
212 218 4 
212 276 3 
212 288 4 
212 318 3 
212 340 4 
212 408 4 
212 427 5 
212 436 5 
212 480 3 
212 487 1 
212 508 1 
212 526 2 
212 634 5 
212 651 1 
212 684 2 
212 724 2 
213 7 5 
213 9 3 
213 15 5 
213 50 5 
213 124 1 
213 181 3 
213 222 3 
213 236 5 
213 245 5 
213 255 1 
213 257 2 
213 258 2 
213 260 3 
213 269 5 
213 271 2 
213 275 5 
213 286 3 
213 297 5 
213 300 2 
213 301 1 
213 302 2 
213 303 1 
213 306 3 
213 326 2 
213 328 4 
213 332 4 
213 471 3 
213 508 3 
213 628 5 
213 690 1 
213 877 3 
213 936 4 
214 100 1 
214 258 2 
214 260 1 
214 294 1 
214 300 5 
214 301 3 
214 302 2 
214 325 2 
214 340 4 
214 343 5 
214 678 5 
214 748 3 
215 56 2 
215 185 4 
215 195 5 
215 243 4 
215 269 4 
215 322 3 
215 323 5 
215 328 4 
215 432 3 
215 531 3 
215 748 2 
215 754 2 
216 1 1 
216 2 1 
216 7 5 
216 8 2 
216 9 3 
216 10 2 
216 11 4 
216 12 2 
216 13 2 
216 14 3 
216 21 4 
216 22 3 
216 24 3 
216 25 1 
216 27 1 
216 28 5 
216 29 1 
216 31 1 
216 32 5 
216 36 3 
216 38 4 
216 41 3 
216 42 1 
216 43 1 
216 44 5 
216 49 4 
216 50 4 
216 51 4 
216 53 2 
216 54 2 
216 55 1 
216 56 2 
216 58 5 
216 64 5 
216 65 3 
216 66 4 
216 67 2 
216 69 1 
216 70 5 
216 71 4 
216 73 3 
216 77 5 
216 81 1 
216 82 2 
216 83 3 
216 85 2 
216 86 5 
216 87 4 
216 88 2 
216 90 4 
216 92 4 
216 93 3 
216 94 3 
216 97 4 
216 98 1 
216 99 4 
216 105 2 
216 106 2 
216 107 1 
216 117 5 
216 121 1 
216 123 2 
216 125 1 
216 126 4 
216 127 1 
216 132 5 
216 133 4 
216 134 1 
216 136 1 
216 137 1 
216 140 1 
216 142 3 
216 143 2 
216 144 5 
216 148 1 
216 154 2 
216 155 3 
216 156 4 
216 157 4 
216 158 5 
216 159 4 
216 161 1 
216 168 5 
216 172 4 
216 174 4 
216 176 2 
216 178 4 
216 181 1 
216 182 2 
216 183 5 
216 185 2 
216 187 1 
216 191 2 
216 194 3 
216 195 2 
216 196 3 
216 197 2 
216 199 2 
216 200 2 
216 202 1 
216 203 2 
216 204 2 
216 209 4 
216 210 2 
216 211 3 
216 213 5 
216 215 4 
216 216 3 
216 217 1 
216 219 2 
216 220 3 
216 225 3 
216 226 1 
216 230 5 
216 234 2 
216 237 1 
216 238 2 
216 239 4 
216 240 4 
216 241 1 
216 242 5 
216 245 1 
216 246 3 
216 248 3 
216 249 5 
216 250 2 
216 251 4 
216 252 3 
216 253 3 
216 254 3 
216 257 5 
216 258 2 
216 259 2 
216 264 4 
216 266 3 
216 268 5 
216 272 5 
216 274 1 
216 275 2 
216 276 5 
216 277 1 
216 281 5 
216 283 4 
216 284 3 
216 285 1 
216 286 5 
216 287 3 
216 288 5 
216 289 3 
216 294 4 
216 295 2 
216 297 3 
216 298 3 
216 301 3 
216 304 2 
216 307 5 
216 312 5 
216 313 3 
216 315 5 
216 316 4 
216 317 4 
216 318 4 
216 319 2 
216 322 3 
216 323 5 
216 326 3 
216 327 4 
216 328 3 
216 329 2 
216 331 4 
216 332 5 
216 333 4 
216 338 2 
216 339 5 
216 346 2 
216 347 4 
216 348 4 
216 354 2 
216 356 3 
216 357 1 
216 364 5 
216 366 5 
216 367 5 
216 369 3 
216 375 3 
216 378 3 
216 385 3 
216 388 1 
216 393 4 
216 395 3 
216 396 2 
216 399 2 
216 401 3 
216 402 5 
216 403 2 
216 404 2 
216 405 1 
216 411 3 
216 412 1 
216 417 2 
216 418 2 
216 419 2 
216 423 1 
216 425 4 
216 427 2 
216 431 5 
216 432 2 
216 433 4 
216 443 2 
216 448 4 
216 451 4 
216 452 3 
216 462 4 
216 463 5 
216 468 2 
216 469 5 
216 471 5 
216 472 3 
216 473 1 
216 475 5 
216 476 5 
216 479 3 
216 480 4 
216 496 3 
216 498 4 
216 500 1 
216 501 3 
216 506 3 
216 509 2 
216 515 1 
216 526 1 
216 531 5 
216 532 3 
216 538 4 
216 546 2 
216 549 4 
216 553 3 
216 554 2 
216 559 2 
216 560 4 
216 564 5 
216 568 5 
216 576 3 
216 578 5 
216 585 2 
216 588 5 
216 591 5 
216 592 2 
216 607 5 
216 614 2 
216 619 5 
216 625 2 
216 627 5 
216 628 4 
216 633 5 
216 651 4 
216 652 1 
216 657 4 
216 658 3 
216 660 2 
216 662 1 
216 676 2 
216 678 3 
216 682 2 
216 684 3 
216 685 3 
216 686 4 
216 689 4 
216 690 2 
216 693 5 
216 696 3 
216 699 4 
216 707 1 
216 708 2 
216 710 4 
216 712 3 
216 713 2 
216 717 5 
216 720 3 
216 721 2 
216 723 1 
216 724 5 
216 729 3 
216 734 1 
216 735 3 
216 737 1 
216 738 3 
216 739 3 
216 746 1 
216 747 1 
216 748 5 
216 750 4 
216 754 4 
216 755 2 
216 761 5 
216 762 5 
216 768 5 
216 770 5 
216 775 5 
216 778 1 
216 781 4 
216 783 4 
216 785 5 
216 790 1 
216 792 2 
216 794 1 
216 795 2 
216 803 3 
216 807 5 
216 812 5 
216 815 5 
216 819 5 
216 821 2 
216 824 4 
216 827 5 
216 833 2 
216 834 3 
216 840 2 
216 842 4 
216 843 2 
216 845 3 
216 849 5 
216 864 5 
216 866 2 
216 873 2 
216 874 4 
216 879 5 
216 895 5 
216 915 3 
216 916 3 
216 917 5 
216 918 3 
216 928 2 
216 929 3 
216 931 2 
216 934 2 
216 936 4 
216 937 3 
216 938 4 
216 941 5 
216 955 5 
216 959 3 
216 966 2 
216 972 1 
216 975 3 
216 980 5 
216 985 3 
216 990 2 
216 997 5 
217 1 4 
217 3 2 
217 5 1 
217 7 3 
217 11 1 
217 12 2 
217 13 4 
217 15 5 
217 16 3 
217 17 3 
217 20 5 
217 23 5 
217 27 2 
217 29 5 
217 32 3 
217 39 2 
217 42 2 
217 44 5 
217 47 1 
217 50 2 
217 51 5 
217 55 3 
217 56 4 
217 58 2 
217 62 3 
217 63 5 
217 64 4 
217 65 5 
217 67 3 
217 68 5 
217 69 3 
217 70 5 
217 72 3 
217 73 1 
217 77 2 
217 78 5 
217 79 4 
217 80 3 
217 81 1 
217 82 5 
217 83 5 
217 89 2 
217 91 3 
217 95 2 
217 96 1 
217 97 1 
217 98 2 
217 99 4 
217 100 3 
217 101 2 
217 106 5 
217 109 5 
217 118 3 
217 120 5 
217 122 1 
217 123 1 
217 125 4 
217 127 3 
217 131 2 
217 132 4 
217 135 4 
217 139 4 
217 142 4 
217 144 5 
217 145 3 
217 147 1 
217 154 4 
217 157 3 
217 159 5 
217 162 2 
217 164 1 
217 167 2 
217 168 1 
217 169 4 
217 171 4 
217 172 3 
217 173 1 
217 174 2 
217 176 2 
217 178 1 
217 179 1 
217 181 1 
217 182 1 
217 183 4 
217 184 1 
217 186 3 
217 190 5 
217 195 3 
217 196 5 
217 198 3 
217 200 4 
217 201 2 
217 202 3 
217 206 3 
217 207 1 
217 208 3 
217 214 1 
217 216 4 
217 217 5 
217 218 3 
217 219 4 
217 222 2 
217 223 5 
217 226 5 
217 228 1 
217 232 2 
217 234 5 
217 235 5 
217 242 2 
217 245 4 
217 246 1 
217 248 3 
217 250 3 
217 252 1 
217 255 3 
217 257 3 
217 258 2 
217 260 5 
217 264 3 
217 265 2 
217 270 3 
217 273 3 
217 286 5 
217 288 4 
217 290 4 
217 293 3 
217 294 1 
217 298 2 
217 323 5 
217 324 5 
217 325 2 
217 326 5 
217 340 1 
217 357 3 
217 358 3 
217 364 1 
217 367 1 
217 373 3 
217 380 1 
217 382 5 
217 385 2 
217 386 4 
217 388 2 
217 391 5 
217 392 5 
217 393 5 
217 395 2 
217 396 3 
217 399 3 
217 402 1 
217 403 1 
217 404 3 
217 413 5 
217 419 2 
217 420 2 
217 421 4 
217 422 3 
217 423 1 
217 425 1 
217 428 3 
217 431 2 
217 433 1 
217 436 4 
217 441 4 
217 444 5 
217 447 1 
217 449 5 
217 451 1 
217 452 3 
217 461 1 
217 465 1 
217 472 2 
217 474 2 
217 475 5 
217 483 4 
217 484 1 
217 485 1 
217 498 1 
217 501 2 
217 508 1 
217 513 5 
217 518 3 
217 541 4 
217 544 5 
217 545 3 
217 546 1 
217 551 4 
217 552 1 
217 555 2 
217 559 5 
217 561 2 
217 562 1 
217 563 2 
217 574 5 
217 578 3 
217 579 3 
217 582 4 
217 596 5 
217 597 1 
217 614 3 
217 616 4 
217 625 1 
217 628 4 
217 631 3 
217 636 1 
217 638 1 
217 640 4 
217 642 5 
217 655 1 
217 658 5 
217 665 2 
217 668 2 
217 669 5 
217 674 2 
217 679 5 
217 684 4 
217 685 1 
217 692 2 
217 708 4 
217 709 3 
217 710 3 
217 715 1 
217 723 1 
217 725 2 
217 727 1 
217 728 5 
217 732 5 
217 742 4 
217 746 2 
217 747 5 
217 748 2 
217 758 2 
217 762 4 
217 764 4 
217 765 1 
217 767 2 
217 769 5 
217 774 5 
217 778 2 
217 781 1 
217 783 3 
217 792 5 
217 796 3 
217 797 5 
217 800 3 
217 804 2 
217 809 3 
217 810 5 
217 815 2 
217 825 3 
217 827 1 
217 831 4 
217 849 4 
217 855 4 
217 871 5 
217 895 1 
217 923 3 
217 928 3 
217 940 3 
217 943 2 
217 944 3 
217 946 2 
217 963 2 
217 979 3 
217 999 3 
217 1000 2 
218 258 1 
218 269 4 
218 288 5 
218 301 1 
218 302 1 
218 313 3 
218 327 2 
218 328 4 
218 331 4 
218 362 5 
218 750 5 
218 895 5 
218 899 5 
219 50 2 
219 79 4 
219 89 2 
219 100 2 
219 173 4 
219 181 4 
219 223 3 
219 257 3 
219 275 1 
219 286 5 
219 405 1 
219 478 1 
219 488 5 
219 615 4 
219 617 2 
219 705 1 
220 19 1 
220 86 1 
220 100 3 
220 116 3 
220 137 2 
220 251 5 
220 275 5 
220 283 1 
220 302 1 
220 319 1 
220 331 1 
220 408 4 
220 475 5 
220 478 1 
220 508 1 
220 513 3 
220 603 5 
220 750 4 
220 753 1 
221 4 1 
221 7 1 
221 11 1 
221 12 5 
221 50 3 
221 56 5 
221 82 3 
221 87 3 
221 89 3 
221 96 1 
221 100 1 
221 117 5 
221 124 4 
221 127 4 
221 129 1 
221 144 2 
221 156 5 
221 164 5 
221 172 3 
221 174 4 
221 175 2 
221 176 3 
221 182 4 
221 183 2 
221 185 1 
221 194 1 
221 200 5 
221 213 5 
221 218 5 
221 219 2 
221 238 4 
221 302 4 
221 333 5 
221 443 2 
221 448 5 
221 466 5 
221 516 5 
221 517 3 
221 653 1 
221 657 4 
221 672 2 
221 709 2 
221 879 1 
221 914 2 
221 915 4 
222 1 4 
222 15 2 
222 50 2 
222 53 3 
222 98 3 
222 100 5 
222 109 5 
222 117 4 
222 124 4 
222 126 5 
222 127 3 
222 129 5 
222 137 3 
222 151 5 
222 181 3 
222 184 1 
222 200 3 
222 201 4 
222 217 5 
222 219 4 
222 222 5 
222 235 1 
222 250 3 
222 257 3 
222 258 3 
222 260 2 
222 270 2 
222 273 2 
222 276 3 
222 286 1 
222 287 1 
222 288 3 
222 293 3 
222 294 3 
222 299 1 
222 307 2 
222 324 1 
222 326 1 
222 327 4 
222 334 1 
222 370 5 
222 379 3 
222 396 1 
222 410 4 
222 436 5 
222 447 1 
222 448 4 
222 452 3 
222 458 2 
222 475 1 
222 477 3 
222 515 4 
222 551 2 
222 558 3 
222 559 4 
222 561 1 
222 590 1 
222 665 4 
222 670 3 
222 671 3 
222 672 5 
222 682 2 
222 742 5 
222 760 5 
222 854 3 
222 867 3 
222 919 4 
222 922 2 
222 926 4 
223 9 3 
223 15 4 
223 127 4 
223 148 2 
223 237 4 
223 245 1 
223 258 2 
223 269 2 
223 272 1 
223 276 1 
223 282 2 
223 286 1 
223 299 2 
223 300 2 
223 304 2 
223 307 1 
223 310 2 
223 313 4 
223 315 1 
223 322 3 
223 323 4 
223 326 2 
223 327 1 
223 328 1 
223 329 1 
223 333 4 
223 340 3 
223 344 3 
223 347 5 
223 355 1 
223 471 5 
223 546 4 
223 591 1 
223 628 3 
223 678 5 
223 689 2 
223 696 1 
223 744 4 
223 748 4 
223 750 2 
223 754 1 
223 823 3 
223 879 4 
223 898 2 
223 924 3 
223 977 1 
224 1 5 
224 14 1 
224 15 1 
224 25 3 
224 50 2 
224 100 2 
224 115 3 
224 127 1 
224 151 4 
224 172 2 
224 243 4 
224 261 5 
224 275 5 
224 288 3 
224 289 4 
224 310 1 
224 323 5 
224 333 3 
224 427 1 
224 508 2 
224 538 4 
224 681 3 
224 683 4 
224 689 1 
224 882 5 
225 1 4 
225 2 2 
225 7 4 
225 17 5 
225 22 3 
225 24 4 
225 32 3 
225 38 4 
225 39 2 
225 53 5 
225 55 5 
225 62 1 
225 68 4 
225 79 1 
225 82 1 
225 83 2 
225 98 1 
225 100 5 
225 117 2 
225 118 4 
225 121 3 
225 124 4 
225 127 2 
225 144 3 
225 147 1 
225 156 3 
225 168 1 
225 171 4 
225 172 4 
225 174 5 
225 176 5 
225 177 3 
225 178 4 
225 180 5 
225 183 1 
225 185 1 
225 187 4 
225 188 3 
225 191 2 
225 195 1 
225 198 2 
225 200 1 
225 201 5 
225 204 3 
225 207 2 
225 209 3 
225 210 3 
225 218 5 
225 222 3 
225 227 4 
225 229 3 
225 230 2 
225 231 4 
225 232 4 
225 234 3 
225 241 5 
225 244 3 
225 250 5 
225 252 4 
225 257 1 
225 259 2 
225 271 2 
225 272 2 
225 273 4 
225 281 1 
225 286 3 
225 288 5 
225 298 4 
225 302 2 
225 305 3 
225 307 5 
225 310 4 
225 313 1 
225 316 4 
225 318 2 
225 322 1 
225 323 5 
225 324 5 
225 325 3 
225 327 4 
225 333 3 
225 338 5 
225 340 1 
225 343 2 
225 346 3 
225 355 3 
225 357 1 
225 358 3 
225 362 3 
225 363 2 
225 379 1 
225 385 4 
225 398 4 
225 424 3 
225 429 4 
225 445 1 
225 447 2 
225 448 1 
225 452 4 
225 474 5 
225 475 4 
225 491 1 
225 515 2 
225 520 2 
225 522 2 
225 529 1 
225 538 4 
225 540 2 
225 550 3 
225 562 1 
225 566 4 
225 568 4 
225 573 2 
225 576 1 
225 583 2 
225 590 1 
225 597 1 
225 636 3 
225 669 2 
225 670 2 
225 675 5 
225 678 3 
225 679 5 
225 686 1 
225 690 1 
225 748 3 
225 750 1 
225 751 3 
225 759 5 
225 823 3 
225 825 3 
225 831 4 
225 841 2 
225 853 3 
225 877 4 
225 879 1 
225 895 5 
225 912 3 
225 943 2 
225 976 2 
226 23 5 
226 50 1 
226 98 3 
226 99 2 
226 133 4 
226 134 1 
226 135 5 
226 168 1 
226 174 1 
226 178 3 
226 182 4 
226 185 2 
226 191 3 
226 196 1 
226 197 4 
226 199 3 
226 200 4 
226 204 3 
226 208 2 
226 211 4 
226 318 3 
226 418 2 
226 427 5 
226 428 5 
226 430 5 
226 432 2 
226 435 2 
226 474 5 
226 478 3 
226 480 2 
226 483 3 
226 486 4 
226 488 2 
226 490 1 
226 491 2 
226 492 5 
226 493 1 
226 494 1 
226 504 3 
226 505 3 
226 510 1 
226 511 3 
226 524 5 
226 525 5 
226 526 4 
226 601 4 
226 603 2 
226 605 3 
226 606 4 
226 607 2 
226 608 4 
226 610 4 
226 613 1 
226 614 3 
226 616 5 
226 631 2 
226 633 4 
226 646 4 
226 648 1 
226 651 5 
226 653 1 
226 654 3 
226 655 1 
226 657 2 
226 673 2 
226 705 5 
226 754 3 
226 835 2 
226 836 1 
226 848 2 
227 245 3 
227 258 3 
227 263 4 
227 286 1 
227 292 5 
227 300 4 
227 302 1 
227 303 2 
227 304 3 
227 319 4 
227 332 5 
227 341 3 
227 359 4 
227 680 2 
227 681 4 
227 682 1 
227 688 1 
227 874 1 
228 243 1 
228 259 5 
228 268 4 
228 271 1 
228 272 2 
228 286 5 
228 289 5 
228 294 1 
228 300 3 
228 301 2 
228 305 4 
228 307 3 
228 312 2 
228 313 3 
228 322 2 
228 323 4 
228 326 5 
228 329 4 
228 332 5 
228 334 5 
228 338 3 
228 344 4 
228 350 3 
228 538 4 
228 690 1 
228 750 2 
228 875 2 
228 877 1 
228 879 4 
228 886 4 
228 896 5 
228 908 4 
228 988 2 
229 1 1 
229 2 2 
229 3 3 
229 4 3 
229 7 4 
229 8 3 
229 12 3 
229 15 4 
229 21 3 
229 22 3 
229 23 3 
229 24 5 
229 26 4 
229 28 4 
229 31 5 
229 32 3 
229 45 4 
229 47 1 
229 48 2 
229 50 1 
229 52 5 
229 53 4 
229 55 5 
229 56 5 
229 58 2 
229 62 4 
229 63 5 
229 64 2 
229 66 1 
229 68 2 
229 69 3 
229 70 4 
229 72 5 
229 73 5 
229 77 1 
229 79 3 
229 81 5 
229 82 5 
229 83 3 
229 85 2 
229 86 5 
229 87 1 
229 88 4 
229 89 2 
229 90 5 
229 91 5 
229 92 2 
229 93 1 
229 95 3 
229 96 5 
229 97 1 
229 101 3 
229 109 3 
229 114 4 
229 117 4 
229 118 3 
229 123 5 
229 124 3 
229 127 1 
229 128 4 
229 132 5 
229 133 1 
229 134 3 
229 137 3 
229 140 3 
229 141 4 
229 143 5 
229 144 3 
229 150 3 
229 151 1 
229 153 1 
229 154 5 
229 157 5 
229 159 1 
229 161 5 
229 162 1 
229 163 1 
229 164 4 
229 165 2 
229 166 2 
229 168 4 
229 170 4 
229 172 4 
229 174 3 
229 178 3 
229 179 4 
229 181 2 
229 183 3 
229 184 5 
229 185 4 
229 186 4 
229 188 5 
229 190 1 
229 191 1 
229 193 3 
229 195 3 
229 197 1 
229 201 1 
229 202 5 
229 203 2 
229 207 1 
229 208 5 
229 209 3 
229 210 1 
229 211 3 
229 214 5 
229 216 1 
229 218 3 
229 219 5 
229 223 4 
229 225 3 
229 229 4 
229 232 4 
229 233 4 
229 237 3 
229 238 5 
229 248 2 
229 249 5 
229 250 1 
229 258 4 
229 264 4 
229 265 5 
229 273 5 
229 274 4 
229 275 5 
229 276 5 
229 277 2 
229 280 3 
229 281 5 
229 282 5 
229 283 1 
229 288 3 
229 290 2 
229 291 2 
229 298 5 
229 301 2 
229 318 3 
229 319 4 
229 321 4 
229 340 3 
229 356 4 
229 365 3 
229 366 4 
229 367 3 
229 371 4 
229 378 4 
229 385 5 
229 387 5 
229 392 4 
229 393 3 
229 403 3 
229 404 1 
229 405 4 
229 410 2 
229 411 1 
229 415 3 
229 418 3 
229 419 1 
229 423 1 
229 427 2 
229 428 1 
229 431 4 
229 432 1 
229 433 2 
229 435 3 
229 436 4 
229 441 4 
229 448 4 
229 455 4 
229 457 3 
229 464 2 
229 466 4 
229 467 3 
229 468 1 
229 470 5 
229 473 4 
229 475 4 
229 480 1 
229 481 2 
229 482 2 
229 483 5 
229 484 2 
229 485 1 
229 491 5 
229 493 5 
229 495 4 
229 496 3 
229 499 4 
229 500 4 
229 502 5 
229 504 2 
229 505 5 
229 508 5 
229 511 1 
229 514 4 
229 520 4 
229 527 4 
229 531 2 
229 535 1 
229 537 3 
229 546 4 
229 549 2 
229 550 4 
229 566 2 
229 568 3 
229 569 2 
229 570 3 
229 578 4 
229 581 3 
229 584 1 
229 591 5 
229 602 5 
229 603 1 
229 611 2 
229 625 3 
229 627 5 
229 628 4 
229 629 3 
229 631 4 
229 633 5 
229 635 1 
229 636 3 
229 640 5 
229 642 3 
229 652 2 
229 654 2 
229 655 5 
229 658 2 
229 662 5 
229 665 5 
229 671 4 
229 672 4 
229 673 4 
229 679 1 
229 684 5 
229 692 4 
229 693 4 
229 700 1 
229 702 4 
229 705 2 
229 708 1 
229 709 2 
229 710 1 
229 726 3 
229 729 3 
229 732 5 
229 735 2 
229 742 2 
229 744 2 
229 747 4 
229 755 3 
229 756 5 
229 761 4 
229 762 4 
229 763 2 
229 768 1 
229 780 4 
229 794 3 
229 804 1 
229 805 2 
229 806 3 
229 820 4 
229 826 3 
229 833 3 
229 845 1 
229 847 1 
229 921 4 
229 928 5 
229 941 2 
229 944 3 
229 961 3 
229 967 5 
229 972 1 
230 9 1 
230 10 5 
230 12 1 
230 19 1 
230 42 5 
230 50 1 
230 56 5 
230 98 4 
230 100 2 
230 101 5 
230 117 3 
230 129 1 
230 137 2 
230 152 5 
230 164 4 
230 165 1 
230 181 2 
230 221 4 
230 222 2 
230 234 4 
230 237 3 
230 248 2 
230 253 5 
230 258 1 
230 264 3 
230 273 1 
230 276 1 
230 286 4 
230 288 2 
230 293 1 
230 294 4 
230 300 1 
230 302 2 
230 318 2 
230 328 4 
230 436 3 
230 514 2 
230 515 5 
230 527 1 
230 528 5 
230 547 2 
230 628 3 
230 674 5 
231 286 1 
231 307 5 
231 322 4 
231 323 3 
231 327 3 
231 358 5 
231 538 2 
231 690 2 
231 748 4 
231 879 4 
231 988 2 
232 1 4 
232 7 2 
232 24 4 
232 50 1 
232 93 5 
232 100 3 
232 108 3 
232 109 5 
232 111 5 
232 117 3 
232 118 3 
232 121 3 
232 123 4 
232 151 4 
232 181 1 
232 222 1 
232 246 5 
232 248 2 
232 249 1 
232 250 1 
232 257 2 
232 258 3 
232 274 1 
232 276 5 
232 284 1 
232 294 5 
232 295 2 
232 300 4 
232 315 2 
232 322 3 
232 405 3 
232 410 3 
232 411 5 
232 471 2 
232 508 3 
232 546 3 
232 620 3 
232 628 4 
232 678 3 
232 742 5 
232 763 5 
232 815 5 
232 844 5 
232 845 5 
233 59 5 
233 60 3 
233 95 5 
233 173 3 
233 174 4 
233 194 2 
233 246 3 
233 268 1 
233 269 2 
233 273 4 
233 276 4 
233 293 2 
233 302 3 
233 303 5 
233 322 2 
233 323 2 
233 326 2 
233 333 5 
233 340 2 
233 435 4 
233 474 5 
233 507 4 
233 657 4 
233 682 1 
233 690 5 
233 748 3 
233 754 3 
233 919 1 
234 9 1 
234 111 5 
234 121 2 
234 125 4 
234 147 4 
234 148 4 
234 151 4 
234 225 2 
234 274 1 
234 275 5 
234 283 4 
234 287 3 
234 288 4 
234 347 2 
234 369 4 
234 406 5 
234 471 3 
234 476 1 
234 546 2 
234 628 2 
234 756 1 
234 763 4 
234 815 1 
234 819 1 
234 833 1 
234 844 5 
234 928 2 
234 975 2 
235 1 4 
235 3 1 
235 4 5 
235 5 3 
235 7 3 
235 9 1 
235 11 4 
235 12 2 
235 15 5 
235 21 1 
235 22 2 
235 23 2 
235 24 5 
235 25 5 
235 27 4 
235 28 2 
235 31 5 
235 38 4 
235 40 3 
235 42 3 
235 45 2 
235 49 5 
235 50 1 
235 52 3 
235 54 1 
235 62 5 
235 63 2 
235 64 5 
235 67 2 
235 68 3 
235 69 1 
235 71 3 
235 72 2 
235 73 3 
235 80 3 
235 82 5 
235 83 4 
235 85 3 
235 86 4 
235 89 2 
235 95 5 
235 96 3 
235 100 5 
235 105 2 
235 108 5 
235 109 4 
235 111 4 
235 115 1 
235 117 1 
235 118 5 
235 121 3 
235 122 3 
235 123 3 
235 125 2 
235 128 3 
235 132 3 
235 135 2 
235 136 3 
235 141 3 
235 148 1 
235 151 4 
235 152 3 
235 153 5 
235 154 1 
235 156 3 
235 157 5 
235 159 2 
235 160 4 
235 161 1 
235 162 2 
235 163 3 
235 164 3 
235 167 2 
235 168 2 
235 171 4 
235 172 3 
235 173 3 
235 174 4 
235 175 1 
235 176 2 
235 182 4 
235 183 4 
235 184 5 
235 185 4 
235 186 4 
235 187 2 
235 188 2 
235 190 5 
235 191 2 
235 195 1 
235 196 4 
235 199 4 
235 200 2 
235 204 2 
235 206 5 
235 211 2 
235 214 4 
235 215 3 
235 216 1 
235 217 3 
235 218 2 
235 219 4 
235 222 5 
235 225 2 
235 226 2 
235 227 4 
235 228 5 
235 229 2 
235 230 5 
235 234 4 
235 239 5 
235 240 5 
235 245 4 
235 246 5 
235 250 4 
235 252 3 
235 254 4 
235 255 2 
235 257 4 
235 258 3 
235 260 5 
235 264 3 
235 273 1 
235 284 1 
235 290 5 
235 291 2 
235 294 2 
235 299 1 
235 300 3 
235 307 1 
235 313 3 
235 317 1 
235 318 5 
235 321 4 
235 327 5 
235 331 5 
235 338 1 
235 343 4 
235 351 5 
235 354 2 
235 357 3 
235 358 3 
235 367 3 
235 369 5 
235 376 5 
235 380 5 
235 381 2 
235 382 3 
235 384 1 
235 385 2 
235 386 3 
235 392 3 
235 393 4 
235 394 4 
235 399 1 
235 402 4 
235 403 2 
235 404 2 
235 410 5 
235 411 3 
235 413 5 
235 423 2 
235 424 2 
235 431 3 
235 433 3 
235 434 4 
235 435 3 
235 436 2 
235 443 3 
235 447 4 
235 448 2 
235 451 5 
235 455 1 
235 462 3 
235 465 2 
235 470 4 
235 473 4 
235 474 1 
235 476 2 
235 520 1 
235 541 3 
235 542 4 
235 546 4 
235 550 4 
235 554 3 
235 561 4 
235 566 3 
235 567 5 
235 568 2 
235 569 5 
235 571 5 
235 572 4 
235 573 4 
235 576 4 
235 577 4 
235 578 5 
235 584 1 
235 587 5 
235 588 2 
235 597 4 
235 616 2 
235 625 4 
235 628 5 
235 631 1 
235 637 4 
235 640 5 
235 649 2 
235 652 2 
235 655 4 
235 659 3 
235 665 1 
235 672 4 
235 673 1 
235 675 3 
235 679 1 
235 684 2 
235 693 4 
235 696 3 
235 697 3 
235 710 4 
235 713 1 
235 715 2 
235 717 1 
235 720 5 
235 729 3 
235 732 2 
235 743 5 
235 746 2 
235 748 3 
235 751 4 
235 752 3 
235 756 2 
235 760 3 
235 762 3 
235 780 4 
235 781 2 
235 786 5 
235 790 3 
235 792 1 
235 797 5 
235 800 3 
235 820 3 
235 821 2 
235 825 4 
235 826 5 
235 831 4 
235 834 5 
235 841 4 
235 845 2 
235 862 3 
235 885 1 
235 890 2 
235 895 4 
235 924 5 
235 926 3 
235 928 3 
235 929 5 
235 943 3 
235 944 3 
235 961 3 
235 977 5 
235 983 3 
236 21 4 
236 23 4 
236 26 4 
236 38 5 
236 39 5 
236 43 2 
236 47 1 
236 65 3 
236 66 3 
236 72 1 
236 73 4 
236 83 1 
236 90 5 
236 92 1 
236 95 4 
236 96 5 
236 98 5 
236 102 4 
236 111 1 
236 125 5 
236 132 2 
236 133 1 
236 157 1 
236 159 4 
236 161 2 
236 168 1 
236 172 1 
236 174 2 
236 179 1 
236 186 4 
236 200 5 
236 204 3 
236 215 4 
236 216 4 
236 217 2 
236 218 2 
236 219 1 
236 226 2 
236 238 3 
236 265 4 
236 276 3 
236 287 3 
236 288 4 
236 313 5 
236 325 1 
236 327 5 
236 340 4 
236 347 1 
236 367 4 
236 381 5 
236 392 4 
236 400 2 
236 411 4 
236 433 4 
236 447 5 
236 454 4 
236 503 3 
236 504 1 
236 506 3 
236 537 4 
236 546 1 
236 553 4 
236 559 4 
236 568 3 
236 581 1 
236 585 1 
236 595 3 
236 628 3 
236 642 3 
236 649 3 
236 655 5 
236 658 4 
236 660 3 
236 708 2 
236 710 2 
236 715 5 
236 721 4 
236 723 4 
236 739 5 
236 742 2 
236 746 5 
236 748 2 
236 761 5 
236 762 3 
236 785 3 
236 787 2 
236 790 1 
236 794 5 
236 821 5 
236 845 3 
236 895 5 
236 974 5 
237 5 5 
237 11 3 
237 12 1 
237 14 5 
237 28 4 
237 30 2 
237 42 3 
237 47 1 
237 50 3 
237 56 1 
237 58 3 
237 65 3 
237 69 4 
237 70 5 
237 77 3 
237 79 2 
237 82 1 
237 83 4 
237 86 1 
237 87 1 
237 88 5 
237 89 3 
237 90 1 
237 91 5 
237 95 5 
237 97 4 
237 98 2 
237 99 2 
237 111 5 
237 116 4 
237 118 2 
237 124 4 
237 131 5 
237 132 1 
237 133 5 
237 134 1 
237 137 3 
237 143 5 
237 144 3 
237 145 2 
237 151 1 
237 154 3 
237 155 5 
237 161 3 
237 162 2 
237 166 5 
237 168 3 
237 170 1 
237 173 2 
237 174 1 
237 176 1 
237 179 4 
237 180 3 
237 181 5 
237 183 3 
237 185 2 
237 186 2 
237 190 4 
237 191 4 
237 195 4 
237 197 3 
237 204 3 
237 207 2 
237 208 5 
237 211 3 
237 212 3 
237 213 4 
237 214 1 
237 216 4 
237 217 1 
237 218 1 
237 219 3 
237 229 1 
237 234 1 
237 237 4 
237 238 3 
237 239 1 
237 244 2 
237 253 3 
237 254 2 
237 265 4 
237 275 5 
237 276 1 
237 281 4 
237 283 1 
237 286 4 
237 287 2 
237 288 3 
237 292 1 
237 301 2 
237 318 1 
237 378 5 
237 381 5 
237 393 5 
237 402 4 
237 404 3 
237 412 3 
237 415 5 
237 418 1 
237 419 5 
237 421 2 
237 423 5 
237 428 4 
237 432 3 
237 433 5 
237 435 1 
237 436 3 
237 447 1 
237 450 2 
237 451 4 
237 463 5 
237 466 4 
237 473 5 
237 478 5 
237 480 5 
237 482 1 
237 483 1 
237 484 5 
237 485 4 
237 496 1 
237 497 4 
237 499 1 
237 501 1 
237 507 5 
237 512 4 
237 514 3 
237 517 3 
237 518 1 
237 521 5 
237 523 1 
237 559 3 
237 566 4 
237 581 1 
237 582 4 
237 583 4 
237 584 3 
237 588 5 
237 603 2 
237 607 3 
237 614 5 
237 629 1 
237 640 2 
237 642 3 
237 651 2 
237 652 5 
237 654 2 
237 655 4 
237 657 2 
237 660 3 
237 663 2 
237 665 3 
237 672 3 
237 674 2 
237 683 3 
237 684 1 
237 692 4 
237 696 3 
237 697 2 
237 698 2 
237 699 2 
237 702 1 
237 705 2 
237 707 3 
237 708 5 
237 709 1 
237 710 2 
237 727 5 
237 730 3 
237 732 1 
237 736 5 
237 737 1 
237 739 4 
237 746 4 
237 747 3 
237 748 2 
237 753 3 
237 755 4 
237 770 2 
237 778 2 
237 781 1 
237 794 3 
237 812 3 
237 842 2 
237 843 1 
237 946 4 
237 955 3 
237 969 3 
238 15 4 
238 21 4 
238 100 3 
238 118 1 
238 121 3 
238 181 5 
238 220 5 
238 237 3 
238 245 4 
238 255 1 
238 269 2 
238 280 2 
238 286 5 
238 321 1 
238 471 2 
238 476 2 
238 815 2 
238 866 1 
239 7 4 
239 13 3 
239 14 5 
239 100 2 
239 121 3 
239 147 1 
239 237 1 
239 240 1 
239 242 2 
239 246 5 
239 257 4 
239 273 4 
239 276 1 
239 282 3 
239 285 3 
239 288 3 
239 301 4 
239 405 4 
239 475 1 
239 591 4 
239 895 2 
240 70 4 
240 171 2 
240 198 3 
240 242 4 
240 243 3 
240 271 1 
240 272 2 
240 283 5 
240 300 1 
240 310 5 
240 312 3 
240 313 5 
240 328 4 
240 329 4 
240 340 1 
240 350 3 
240 512 3 
240 515 2 
240 582 2 
240 690 1 
240 736 1 
240 749 2 
240 750 3 
240 751 2 
240 886 4 
240 904 2 
240 921 5 
240 937 4 
241 1 2 
241 7 2 
241 9 5 
241 15 3 
241 25 1 
241 121 2 
241 259 4 
241 288 5 
241 294 3 
241 683 4 
242 7 4 
242 11 5 
242 12 4 
242 14 2 
242 17 2 
242 22 1 
242 26 4 
242 27 3 
242 29 3 
242 31 2 
242 33 5 
242 38 1 
242 39 3 
242 41 2 
242 42 3 
242 44 2 
242 53 2 
242 54 2 
242 55 1 
242 56 4 
242 62 2 
242 64 3 
242 67 5 
242 68 4 
242 79 3 
242 82 5 
242 98 2 
242 100 2 
242 117 1 
242 129 4 
242 144 5 
242 150 5 
242 154 5 
242 156 2 
242 159 2 
242 161 1 
242 168 5 
242 174 1 
242 176 4 
242 177 2 
242 182 5 
242 184 3 
242 186 2 
242 195 3 
242 203 4 
242 204 3 
242 209 4 
242 210 1 
242 219 3 
242 226 5 
242 228 4 
242 229 2 
242 230 3 
242 231 5 
242 234 3 
242 240 4 
242 273 2 
242 276 5 
242 281 4 
242 286 2 
242 288 4 
242 294 2 
242 318 2 
242 342 3 
242 350 3 
242 367 4 
242 385 1 
242 401 3 
242 403 5 
242 410 1 
242 436 2 
242 449 2 
242 452 5 
242 482 4 
242 508 4 
242 546 5 
242 554 1 
242 559 3 
242 569 4 
242 572 5 
242 576 1 
242 578 3 
242 591 2 
242 628 4 
242 635 1 
242 636 3 
242 672 5 
242 684 5 
242 685 3 
242 695 3 
242 710 1 
242 746 4 
242 769 3 
242 780 4 
242 800 1 
242 810 5 
242 834 1 
242 873 1 
242 943 3 
242 975 3 
243 12 2 
243 271 4 
243 309 1 
243 313 3 
243 340 2 
243 343 1 
243 358 1 
243 644 5 
243 678 4 
243 687 2 
244 9 5 
244 50 4 
244 100 1 
244 245 5 
244 251 3 
244 258 5 
244 275 2 
244 748 3 
244 751 5 
244 906 5 
244 912 4 
244 916 3 
245 7 3 
245 9 4 
245 23 2 
245 28 1 
245 50 1 
245 55 5 
245 64 4 
245 79 2 
245 87 2 
245 100 2 
245 117 1 
245 118 2 
245 121 4 
245 123 3 
245 127 5 
245 144 5 
245 147 5 
245 150 3 
245 174 4 
245 181 5 
245 195 1 
245 203 5 
245 204 1 
245 208 2 
245 209 2 
245 221 4 
245 235 5 
245 237 2 
245 245 5 
245 246 2 
245 248 4 
245 273 1 
245 276 4 
245 291 2 
245 293 1 
245 295 4 
245 310 3 
245 313 4 
245 324 2 
245 325 5 
245 330 1 
245 333 3 
245 340 3 
245 346 2 
245 405 1 
245 408 1 
245 410 4 
245 460 4 
245 475 1 
245 479 4 
245 480 2 
245 504 5 
245 544 4 
245 591 3 
245 595 3 
245 597 2 
245 603 4 
245 628 1 
245 644 5 
245 689 4 
245 742 2 
245 744 1 
245 748 2 
245 762 4 
245 763 3 
245 818 1 
245 823 2 
245 829 2 
245 831 4 
245 840 4 
245 844 5 
245 845 5 
245 881 3 
245 886 1 
245 895 1 
245 908 4 
245 919 1 
245 959 5 
245 979 3 
246 268 3 
246 269 2 
246 270 5 
246 288 3 
246 292 5 
246 294 4 
246 301 5 
246 302 4 
246 303 3 
246 326 1 
246 327 5 
246 328 2 
246 332 3 
246 334 3 
246 359 5 
246 688 5 
246 690 5 
246 754 4 
246 883 4 
246 887 1 
246 888 1 
247 1 4 
247 5 1 
247 7 5 
247 9 4 
247 11 1 
247 17 2 
247 27 4 
247 28 5 
247 31 4 
247 55 5 
247 56 2 
247 65 3 
247 68 5 
247 69 5 
247 70 5 
247 89 4 
247 91 5 
247 96 4 
247 98 2 
247 100 2 
247 111 1 
247 117 3 
247 123 5 
247 135 4 
247 144 5 
247 147 4 
247 148 1 
247 150 2 
247 151 4 
247 153 3 
247 156 4 
247 157 3 
247 158 5 
247 174 2 
247 176 3 
247 180 1 
247 183 1 
247 204 5 
247 206 5 
247 209 1 
247 218 4 
247 222 2 
247 227 4 
247 231 5 
247 233 2 
247 234 5 
247 248 3 
247 252 3 
247 260 3 
247 281 2 
247 284 4 
247 286 5 
247 288 5 
247 290 4 
247 293 2 
247 298 2 
247 300 3 
247 367 2 
247 405 3 
247 410 2 
247 435 2 
247 447 1 
247 469 4 
247 470 5 
247 483 5 
247 484 2 
247 498 4 
247 544 4 
247 546 2 
247 559 2 
247 582 3 
247 591 3 
247 597 4 
247 629 2 
247 642 4 
247 678 1 
247 742 5 
247 748 3 
247 760 5 
247 815 1 
247 823 5 
247 845 1 
247 866 1 
247 926 3 
247 963 2 
247 981 5 
248 262 2 
248 268 2 
248 269 1 
248 271 2 
248 286 1 
248 292 2 
248 301 2 
248 303 1 
248 305 5 
248 307 4 
248 319 1 
248 321 4 
248 327 3 
248 333 1 
248 338 5 
248 340 2 
248 344 2 
248 750 4 
248 884 1 
248 896 5 
248 900 2 
248 902 3 
249 9 4 
249 15 4 
249 59 5 
249 60 4 
249 61 1 
249 100 2 
249 117 3 
249 118 3 
249 122 2 
249 127 3 
249 137 3 
249 170 4 
249 171 1 
249 179 5 
249 212 1 
249 224 1 
249 248 3 
249 251 1 
249 269 3 
249 273 4 
249 276 3 
249 285 4 
249 286 3 
249 288 1 
249 291 1 
249 293 2 
249 310 3 
249 337 1 
249 381 3 
249 410 1 
249 459 4 
249 473 5 
249 546 2 
249 558 5 
249 742 4 
249 748 3 
249 753 5 
249 763 2 
249 936 1 
249 983 1 
250 1 5 
250 2 1 
250 3 2 
250 4 3 
250 7 4 
250 10 2 
250 12 2 
250 13 2 
250 15 4 
250 26 1 
250 28 1 
250 29 1 
250 35 2 
250 38 2 
250 39 3 
250 49 1 
250 51 3 
250 54 3 
250 56 4 
250 58 5 
250 60 2 
250 64 1 
250 65 5 
250 66 5 
250 67 4 
250 70 4 
250 71 5 
250 73 1 
250 77 5 
250 79 2 
250 80 4 
250 81 3 
250 82 4 
250 83 3 
250 86 2 
250 87 5 
250 88 1 
250 89 2 
250 90 1 
250 92 1 
250 94 2 
250 95 3 
250 97 5 
250 98 5 
250 99 3 
250 100 3 
250 101 2 
250 110 5 
250 112 3 
250 114 5 
250 117 2 
250 121 2 
250 123 5 
250 125 3 
250 126 3 
250 127 5 
250 131 2 
250 132 3 
250 133 2 
250 134 2 
250 135 4 
250 136 2 
250 139 1 
250 141 5 
250 142 4 
250 143 5 
250 144 3 
250 145 5 
250 152 5 
250 153 1 
250 154 1 
250 155 3 
250 157 2 
250 158 2 
250 161 2 
250 162 1 
250 163 4 
250 164 5 
250 166 3 
250 167 2 
250 168 1 
250 169 3 
250 173 2 
250 174 3 
250 176 5 
250 177 2 
250 179 4 
250 180 3 
250 182 4 
250 183 3 
250 185 4 
250 187 2 
250 191 5 
250 192 3 
250 193 1 
250 194 5 
250 195 4 
250 196 2 
250 197 3 
250 199 1 
250 200 1 
250 202 5 
250 203 2 
250 204 4 
250 205 3 
250 207 5 
250 208 5 
250 210 5 
250 211 3 
250 215 2 
250 216 3 
250 218 4 
250 222 1 
250 223 2 
250 225 1 
250 226 1 
250 227 1 
250 229 3 
250 231 5 
250 233 1 
250 237 3 
250 238 5 
250 239 4 
250 241 3 
250 245 2 
250 252 2 
250 254 5 
250 258 5 
250 264 1 
250 265 3 
250 269 3 
250 270 1 
250 272 5 
250 274 2 
250 275 2 
250 277 5 
250 278 4 
250 280 4 
250 281 2 
250 282 1 
250 283 5 
250 288 2 
250 290 5 
250 292 3 
250 294 1 
250 299 4 
250 300 1 
250 301 2 
250 302 1 
250 304 2 
250 305 1 
250 310 5 
250 311 1 
250 312 4 
250 313 5 
250 315 3 
250 316 4 
250 328 3 
250 332 5 
250 340 4 
250 354 3 
250 357 4 
250 367 5 
250 371 1 
250 373 1 
250 378 2 
250 380 3 
250 381 3 
250 382 1 
250 383 2 
250 384 2 
250 385 4 
250 387 5 
250 393 3 
250 395 2 
250 396 3 
250 400 4 
250 401 1 
250 402 3 
250 414 2 
250 416 2 
250 417 3 
250 418 4 
250 419 3 
250 421 4 
250 422 2 
250 428 1 
250 431 2 
250 432 2 
250 433 2 
250 434 5 
250 435 2 
250 443 5 
250 448 1 
250 451 4 
250 455 4 
250 462 4 
250 465 3 
250 467 3 
250 469 3 
250 470 2 
250 471 3 
250 472 5 
250 474 4 
250 476 2 
250 477 2 
250 478 2 
250 479 1 
250 480 2 
250 481 5 
250 482 3 
250 483 2 
250 484 3 
250 487 4 
250 488 5 
250 490 2 
250 491 3 
250 493 3 
250 494 1 
250 495 1 
250 496 2 
250 497 2 
250 499 3 
250 500 2 
250 502 2 
250 503 2 
250 505 1 
250 506 2 
250 507 2 
250 509 5 
250 510 4 
250 511 3 
250 514 1 
250 518 2 
250 520 1 
250 523 4 
250 525 1 
250 526 1 
250 527 5 
250 528 2 
250 530 4 
250 535 4 
250 549 2 
250 550 3 
250 553 3 
250 557 5 
250 558 2 
250 559 2 
250 561 3 
250 566 1 
250 568 1 
250 570 2 
250 582 1 
250 583 3 
250 589 2 
250 591 1 
250 602 2 
250 604 2 
250 606 3 
250 607 5 
250 608 2 
250 609 3 
250 610 4 
250 611 5 
250 612 2 
250 613 4 
250 614 3 
250 618 5 
250 620 3 
250 622 5 
250 629 4 
250 630 4 
250 631 1 
250 632 4 
250 633 5 
250 637 1 
250 642 2 
250 647 3 
250 648 1 
250 650 3 
250 651 2 
250 655 2 
250 657 5 
250 659 5 
250 660 5 
250 661 5 
250 663 5 
250 673 2 
250 679 3 
250 685 4 
250 686 4 
250 689 5 
250 692 3 
250 693 3 
250 700 3 
250 704 2 
250 705 1 
250 707 3 
250 708 2 
250 709 5 
250 710 5 
250 712 4 
250 714 1 
250 715 3 
250 716 4 
250 717 1 
250 723 5 
250 727 1 
250 728 3 
250 729 3 
250 731 2 
250 735 4 
250 736 5 
250 742 3 
250 747 3 
250 748 2 
250 751 1 
250 761 3 
250 762 1 
250 765 5 
250 771 4 
250 774 3 
250 775 5 
250 778 3 
250 783 1 
250 785 5 
250 790 4 
250 792 3 
250 794 4 
250 801 4 
250 807 1 
250 815 3 
250 821 3 
250 823 3 
250 832 4 
250 837 3 
250 842 4 
250 845 2 
250 846 2 
250 847 2 
250 865 2 
250 869 4 
250 873 5 
250 878 3 
250 900 4 
250 902 4 
250 904 1 
250 905 4 
250 908 5 
250 921 5 
250 923 3 
250 926 1 
250 928 1 
250 934 3 
250 936 1 
250 939 3 
250 940 5 
250 942 4 
250 951 5 
250 956 3 
250 965 2 
250 966 4 
250 967 3 
250 969 2 
251 242 4 
251 243 2 
251 259 3 
251 260 3 
251 262 4 
251 268 5 
251 269 1 
251 270 2 
251 286 3 
251 288 4 
251 289 2 
251 292 1 
251 294 4 
251 299 4 
251 300 1 
251 301 2 
251 303 2 
251 305 5 
251 307 4 
251 308 5 
251 319 2 
251 322 5 
251 323 5 
251 325 5 
251 327 5 
251 328 3 
251 329 4 
251 330 2 
251 331 4 
251 332 2 
251 333 5 
251 336 5 
251 337 4 
251 359 5 
251 360 5 
251 457 2 
251 680 4 
251 681 4 
251 682 2 
251 687 1 
251 749 2 
251 872 5 
251 874 3 
251 875 5 
251 877 1 
251 879 5 
251 880 3 
251 881 1 
251 882 3 
251 883 3 
251 884 5 
251 937 2 
251 938 2 
251 984 3 
251 989 3 
251 991 4 
251 995 1 
252 7 3 
252 8 2 
252 14 3 
252 22 4 
252 25 1 
252 27 4 
252 45 1 
252 48 2 
252 52 4 
252 58 3 
252 60 4 
252 61 2 
252 62 2 
252 64 1 
252 66 1 
252 69 3 
252 70 4 
252 73 1 
252 86 4 
252 88 2 
252 89 2 
252 96 4 
252 97 4 
252 99 1 
252 111 5 
252 121 4 
252 124 3 
252 127 2 
252 132 5 
252 134 5 
252 135 2 
252 136 5 
252 143 4 
252 152 5 
252 154 5 
252 156 4 
252 161 5 
252 162 2 
252 163 4 
252 168 1 
252 170 4 
252 171 1 
252 173 1 
252 174 3 
252 180 3 
252 181 2 
252 183 4 
252 185 1 
252 186 3 
252 187 2 
252 188 3 
252 191 2 
252 194 2 
252 195 4 
252 197 2 
252 201 2 
252 202 4 
252 203 5 
252 204 5 
252 207 4 
252 212 3 
252 216 3 
252 234 2 
252 237 5 
252 243 1 
252 245 4 
252 259 2 
252 269 3 
252 276 3 
252 286 4 
252 294 2 
252 318 4 
252 371 4 
252 384 3 
252 404 3 
252 418 2 
252 419 4 
252 420 5 
252 423 4 
252 427 1 
252 430 2 
252 432 4 
252 435 3 
252 443 4 
252 455 1 
252 458 2 
252 461 2 
252 462 1 
252 465 2 
252 467 4 
252 472 4 
252 479 2 
252 482 4 
252 483 1 
252 485 3 
252 488 4 
252 491 2 
252 492 2 
252 494 3 
252 495 4 
252 496 5 
252 498 3 
252 502 4 
252 506 2 
252 510 5 
252 513 1 
252 517 5 
252 518 5 
252 521 1 
252 523 1 
252 526 4 
252 530 3 
252 531 4 
252 554 2 
252 576 1 
252 588 5 
252 597 4 
252 603 4 
252 609 5 
252 614 5 
252 615 1 
252 624 1 
252 631 5 
252 636 4 
252 641 1 
252 648 4 
252 654 2 
252 659 1 
252 660 4 
252 684 5 
252 729 5 
252 736 5 
252 780 1 
252 781 2 
252 792 5 
252 805 5 
252 815 5 
252 863 5 
252 874 5 
252 924 5 
252 947 5 
252 969 3 
252 971 5 
253 3 3 
253 4 5 
253 7 5 
253 9 4 
253 11 1 
253 12 5 
253 17 1 
253 22 5 
253 24 4 
253 33 4 
253 42 2 
253 48 1 
253 49 2 
253 50 4 
253 53 2 
253 59 3 
253 68 2 
253 69 2 
253 73 1 
253 79 1 
253 80 4 
253 93 2 
253 94 1 
253 97 4 
253 98 2 
253 100 3 
253 117 3 
253 122 3 
253 125 5 
253 132 1 
253 143 5 
253 154 1 
253 156 3 
253 157 5 
253 158 4 
253 164 4 
253 168 4 
253 172 2 
253 174 4 
253 181 5 
253 186 5 
253 188 5 
253 196 5 
253 204 1 
253 210 2 
253 231 4 
253 233 3 
253 238 5 
253 239 3 
253 246 3 
253 248 5 
253 254 3 
253 258 3 
253 268 1 
253 276 5 
253 288 5 
253 298 5 
253 318 4 
253 354 4 
253 356 5 
253 357 1 
253 364 4 
253 367 5 
253 369 3 
253 384 3 
253 385 5 
253 393 5 
253 401 5 
253 402 3 
253 410 4 
253 412 3 
253 416 5 
253 421 1 
253 423 2 
253 424 2 
253 427 1 
253 456 4 
253 471 2 
253 475 5 
253 476 3 
253 496 3 
253 508 1 
253 509 1 
253 515 1 
253 550 1 
253 552 5 
253 566 3 
253 568 5 
253 578 2 
253 586 2 
253 591 5 
253 628 2 
253 651 2 
253 655 1 
253 684 4 
253 693 4 
253 697 1 
253 717 5 
253 721 4 
253 742 5 
253 871 4 
253 959 3 
253 963 3 
253 975 4 
254 1 1 
254 11 1 
254 12 5 
254 15 5 
254 22 4 
254 28 4 
254 50 1 
254 51 2 
254 55 2 
254 56 4 
254 58 3 
254 66 1 
254 69 5 
254 70 2 
254 73 5 
254 76 2 
254 77 3 
254 79 3 
254 82 5 
254 87 5 
254 88 5 
254 89 4 
254 96 4 
254 97 2 
254 98 4 
254 99 2 
254 100 3 
254 107 3 
254 114 5 
254 117 1 
254 118 4 
254 121 4 
254 124 4 
254 131 4 
254 133 5 
254 134 5 
254 136 2 
254 143 5 
254 144 5 
254 153 1 
254 161 1 
254 162 2 
254 164 2 
254 169 1 
254 172 5 
254 173 2 
254 174 3 
254 181 1 
254 182 2 
254 185 1 
254 191 4 
254 195 1 
254 196 4 
254 197 5 
254 199 1 
254 202 3 
254 203 3 
254 204 4 
254 210 1 
254 211 1 
254 215 4 
254 222 1 
254 228 3 
254 234 1 
254 237 1 
254 245 4 
254 248 4 
254 250 5 
254 255 1 
254 257 4 
254 258 1 
254 259 4 
254 260 5 
254 270 2 
254 272 1 
254 277 5 
254 279 1 
254 286 3 
254 289 2 
254 293 2 
254 300 2 
254 310 3 
254 315 2 
254 316 2 
254 317 4 
254 318 2 
254 322 4 
254 323 2 
254 326 4 
254 356 1 
254 357 2 
254 378 2 
254 385 3 
254 392 1 
254 414 1 
254 418 1 
254 419 2 
254 423 2 
254 427 2 
254 431 4 
254 434 5 
254 435 5 
254 451 1 
254 465 5 
254 468 2 
254 474 4 
254 478 5 
254 479 5 
254 482 4 
254 483 2 
254 484 4 
254 485 3 
254 487 5 
254 490 3 
254 492 2 
254 493 3 
254 496 5 
254 497 3 
254 507 1 
254 509 3 
254 519 2 
254 520 4 
254 526 1 
254 528 1 
254 531 3 
254 566 2 
254 568 2 
254 603 1 
254 605 1 
254 607 1 
254 610 4 
254 612 5 
254 614 3 
254 627 2 
254 631 5 
254 633 1 
254 642 1 
254 649 3 
254 651 5 
254 654 4 
254 655 4 
254 657 5 
254 659 4 
254 660 4 
254 661 1 
254 678 2 
254 685 1 
254 686 2 
254 692 2 
254 693 5 
254 694 1 
254 705 3 
254 707 4 
254 724 1 
254 735 4 
254 736 4 
254 740 3 
254 742 5 
254 746 4 
254 836 5 
254 837 2 
254 842 2 
254 873 3 
254 875 4 
254 879 3 
254 939 4 
254 945 3 
254 956 2 
254 968 3 
255 1 5 
255 2 2 
255 4 4 
255 7 5 
255 8 4 
255 9 4 
255 12 3 
255 14 5 
255 17 1 
255 20 3 
255 24 4 
255 25 2 
255 31 3 
255 39 3 
255 40 5 
255 42 4 
255 44 1 
255 47 2 
255 53 1 
255 56 1 
255 57 5 
255 58 4 
255 64 5 
255 69 1 
255 70 4 
255 71 4 
255 87 2 
255 95 2 
255 96 3 
255 97 3 
255 98 1 
255 100 4 
255 118 5 
255 123 3 
255 125 5 
255 126 2 
255 127 3 
255 135 3 
255 148 3 
255 161 4 
255 170 2 
255 174 5 
255 176 4 
255 191 5 
255 196 2 
255 197 1 
255 204 5 
255 214 2 
255 217 5 
255 222 3 
255 223 1 
255 228 5 
255 234 4 
255 237 3 
255 241 4 
255 245 2 
255 252 5 
255 255 5 
255 257 4 
255 265 2 
255 270 1 
255 275 1 
255 276 1 
255 277 4 
255 279 4 
255 281 5 
255 282 1 
255 288 5 
255 289 3 
255 291 3 
255 292 2 
255 293 4 
255 300 2 
255 301 2 
255 304 3 
255 307 5 
255 313 5 
255 317 1 
255 318 4 
255 321 4 
255 323 1 
255 334 2 
255 343 3 
255 380 4 
255 382 5 
255 393 4 
255 402 5 
255 405 3 
255 423 2 
255 428 2 
255 447 1 
255 455 1 
255 462 1 
255 465 3 
255 471 1 
255 475 3 
255 504 3 
255 508 1 
255 511 5 
255 515 5 
255 518 1 
255 529 1 
255 531 4 
255 582 1 
255 584 2 
255 591 2 
255 597 1 
255 627 2 
255 628 4 
255 629 1 
255 647 4 
255 660 2 
255 678 2 
255 692 3 
255 694 3 
255 709 3 
255 724 4 
255 727 1 
255 738 5 
255 747 3 
255 755 3 
255 778 2 
255 898 4 
255 934 5 
255 939 4 
256 1 3 
256 3 2 
256 4 3 
256 9 4 
256 12 1 
256 13 4 
256 22 4 
256 23 1 
256 32 2 
256 42 1 
256 46 3 
256 50 5 
256 53 3 
256 54 2 
256 57 2 
256 60 4 
256 61 1 
256 68 3 
256 69 3 
256 71 4 
256 79 2 
256 80 3 
256 86 5 
256 91 2 
256 92 4 
256 95 1 
256 97 1 
256 100 2 
256 101 1 
256 111 5 
256 121 4 
256 125 1 
256 127 2 
256 133 2 
256 135 5 
256 143 2 
256 161 1 
256 168 4 
256 170 2 
256 172 1 
256 174 5 
256 175 4 
256 177 2 
256 179 2 
256 181 1 
256 182 3 
256 185 5 
256 186 1 
256 187 1 
256 188 3 
256 194 5 
256 196 5 
256 197 2 
256 200 3 
256 202 4 
256 210 4 
256 211 1 
256 218 4 
256 222 5 
256 226 1 
256 228 1 
256 231 4 
256 232 4 
256 234 5 
256 238 4 
256 268 4 
256 273 2 
256 274 3 
256 282 5 
256 286 1 
256 294 2 
256 325 2 
256 346 5 
256 357 4 
256 366 1 
256 369 5 
256 380 1 
256 403 4 
256 410 5 
256 414 5 
256 419 4 
256 421 4 
256 423 5 
256 427 4 
256 431 4 
256 432 2 
256 433 1 
256 443 4 
256 448 3 
256 449 4 
256 452 5 
256 460 1 
256 461 3 
256 462 5 
256 474 5 
256 475 1 
256 479 2 
256 484 1 
256 490 2 
256 498 5 
256 505 1 
256 506 1 
256 508 2 
256 523 5 
256 546 5 
256 559 3 
256 568 2 
256 578 3 
256 581 2 
256 582 2 
256 603 5 
256 608 3 
256 616 5 
256 640 2 
256 655 3 
256 658 2 
256 660 3 
256 662 1 
256 672 5 
256 673 1 
256 693 1 
256 696 5 
256 708 2 
256 710 1 
256 715 2 
256 720 5 
256 721 1 
256 737 2 
256 743 3 
256 763 1 
256 789 3 
256 806 1 
256 818 1 
256 845 2 
256 864 1 
256 919 1 
256 922 2 
256 933 5 
256 943 5 
256 955 3 
256 959 3 
256 963 1 
256 979 3 
256 985 5 
257 4 2 
257 7 4 
257 8 5 
257 9 3 
257 11 3 
257 12 3 
257 14 5 
257 15 5 
257 20 1 
257 27 1 
257 31 4 
257 38 2 
257 44 4 
257 45 2 
257 48 3 
257 50 4 
257 51 2 
257 52 3 
257 53 2 
257 54 2 
257 56 5 
257 57 4 
257 58 4 
257 59 3 
257 62 4 
257 64 4 
257 65 2 
257 66 2 
257 70 2 
257 77 1 
257 79 4 
257 82 4 
257 83 3 
257 86 4 
257 89 5 
257 91 5 
257 94 1 
257 96 4 
257 97 5 
257 100 1 
257 105 2 
257 114 2 
257 117 2 
257 118 3 
257 122 4 
257 127 5 
257 132 5 
257 134 3 
257 137 1 
257 143 5 
257 144 1 
257 148 1 
257 151 3 
257 155 5 
257 156 5 
257 157 1 
257 161 3 
257 162 3 
257 164 3 
257 168 5 
257 172 4 
257 173 1 
257 174 2 
257 176 2 
257 180 2 
257 181 1 
257 182 1 
257 183 5 
257 185 2 
257 186 4 
257 190 4 
257 191 1 
257 192 4 
257 193 2 
257 194 2 
257 195 1 
257 196 5 
257 197 3 
257 200 4 
257 203 5 
257 204 5 
257 209 3 
257 214 1 
257 215 1 
257 216 3 
257 218 5 
257 219 2 
257 226 4 
257 229 2 
257 230 3 
257 231 4 
257 232 1 
257 234 3 
257 235 5 
257 237 3 
257 239 1 
257 240 2 
257 241 2 
257 243 3 
257 248 5 
257 257 5 
257 258 1 
257 265 2 
257 282 4 
257 285 4 
257 288 2 
257 304 1 
257 318 4 
257 357 2 
257 366 3 
257 370 3 
257 372 3 
257 373 1 
257 378 1 
257 380 1 
257 385 2 
257 393 1 
257 395 1 
257 401 5 
257 402 2 
257 403 1 
257 405 2 
257 410 3 
257 411 2 
257 412 2 
257 417 2 
257 425 4 
257 428 5 
257 436 5 
257 443 4 
257 448 5 
257 450 2 
257 452 1 
257 453 5 
257 455 1 
257 456 5 
257 458 5 
257 462 5 
257 469 3 
257 470 3 
257 471 1 
257 472 4 
257 473 5 
257 474 4 
257 476 1 
257 483 4 
257 500 4 
257 507 5 
257 509 3 
257 527 4 
257 529 1 
257 531 3 
257 540 5 
257 546 2 
257 549 3 
257 553 3 
257 559 3 
257 566 1 
257 568 2 
257 582 5 
257 584 2 
257 588 3 
257 597 2 
257 623 1 
257 628 5 
257 629 3 
257 631 4 
257 632 5 
257 636 4 
257 640 1 
257 651 1 
257 655 5 
257 658 4 
257 664 3 
257 673 4 
257 679 2 
257 692 4 
257 699 4 
257 704 2 
257 708 1 
257 709 5 
257 717 1 
257 720 4 
257 722 4 
257 727 3 
257 729 3 
257 732 3 
257 739 5 
257 742 1 
257 744 5 
257 747 3 
257 755 1 
257 756 2 
257 758 5 
257 769 1 
257 770 4 
257 775 4 
257 783 2 
257 792 4 
257 819 2 
257 825 4 
257 841 1 
257 845 2 
257 871 5 
257 931 4 
257 934 4 
257 948 1 
257 949 3 
257 959 3 
257 980 3 
258 8 3 
258 9 4 
258 12 5 
258 13 4 
258 14 3 
258 20 1 
258 23 2 
258 25 5 
258 28 2 
258 32 5 
258 48 2 
258 50 4 
258 57 3 
258 58 2 
258 86 1 
258 96 1 
258 98 2 
258 117 4 
258 121 4 
258 124 3 
258 126 4 
258 127 4 
258 129 5 
258 134 4 
258 143 2 
258 144 1 
258 147 1 
258 152 3 
258 169 4 
258 174 4 
258 178 3 
258 179 1 
258 180 2 
258 181 5 
258 182 2 
258 183 3 
258 189 1 
258 190 2 
258 191 2 
258 192 3 
258 193 4 
258 195 2 
258 203 1 
258 208 2 
258 209 3 
258 234 5 
258 237 4 
258 238 2 
258 245 3 
258 250 5 
258 255 2 
258 273 4 
258 278 3 
258 282 4 
258 283 4 
258 284 3 
258 285 4 
258 286 4 
258 287 2 
258 288 2 
258 293 2 
258 298 3 
258 301 4 
258 304 2 
258 307 2 
258 317 1 
258 318 5 
258 319 3 
258 321 3 
258 330 1 
258 333 5 
258 346 3 
258 357 5 
258 387 3 
258 405 2 
258 408 5 
258 410 5 
258 423 1 
258 425 3 
258 427 4 
258 430 2 
258 467 3 
258 469 3 
258 473 5 
258 474 5 
258 496 5 
258 509 5 
258 514 3 
258 517 5 
258 521 4 
258 526 4 
258 529 1 
258 530 5 
258 546 5 
258 582 5 
258 588 3 
258 589 2 
258 591 5 
258 597 5 
258 603 3 
258 632 2 
258 644 5 
258 648 4 
258 651 5 
258 654 3 
258 663 5 
258 685 4 
258 694 4 
258 696 2 
258 704 2 
258 709 4 
258 717 4 
258 736 4 
258 742 5 
258 750 5 
258 753 4 
258 792 3 
258 844 1 
258 847 1 
258 896 1 
258 925 3 
258 939 5 
258 952 4 
258 956 4 
258 980 3 
259 1 5 
259 3 2 
259 7 1 
259 8 5 
259 15 1 
259 16 3 
259 19 1 
259 22 1 
259 25 1 
259 100 5 
259 108 3 
259 111 3 
259 117 5 
259 120 5 
259 121 1 
259 123 5 
259 134 2 
259 147 4 
259 148 3 
259 164 3 
259 172 3 
259 174 5 
259 181 3 
259 194 2 
259 216 1 
259 220 2 
259 222 5 
259 225 3 
259 230 4 
259 245 1 
259 249 5 
259 250 2 
259 255 1 
259 258 5 
259 264 5 
259 278 4 
259 282 3 
259 286 1 
259 289 3 
259 291 4 
259 295 5 
259 300 1 
259 301 1 
259 322 2 
259 323 4 
259 328 1 
259 332 2 
259 333 5 
259 336 3 
259 357 5 
259 358 4 
259 411 2 
259 472 2 
259 473 4 
259 523 3 
259 546 3 
259 568 2 
259 596 5 
259 597 2 
259 651 2 
259 676 4 
259 678 2 
259 685 5 
259 687 1 
259 742 2 
259 748 3 
259 815 1 
259 825 2 
259 827 4 
259 832 1 
259 846 4 
259 864 5 
259 866 1 
259 873 5 
259 879 3 
259 934 3 
259 969 3 
259 978 2 
259 989 2 
260 1 2 
260 7 4 
260 10 4 
260 14 3 
260 20 2 
260 117 1 
260 127 2 
260 129 2 
260 146 5 
260 221 5 
260 224 3 
260 242 5 
260 248 2 
260 250 4 
260 253 3 
260 257 2 
260 258 4 
260 273 4 
260 275 1 
260 276 3 
260 279 1 
260 286 5 
260 289 1 
260 294 3 
260 297 5 
260 301 2 
260 302 4 
260 303 5 
260 307 3 
260 311 3 
260 322 5 
260 327 5 
260 458 3 
260 515 3 
260 532 5 
260 591 4 
260 676 2 
260 713 1 
260 744 3 
261 121 3 
261 158 2 
261 242 4 
261 255 4 
261 269 1 
261 285 4 
261 302 4 
261 304 1 
261 319 4 
261 347 1 
261 682 2 
262 11 2 
262 22 2 
262 100 4 
262 136 3 
262 237 5 
262 259 2 
262 271 1 
262 288 3 
262 289 1 
262 292 5 
262 300 1 
262 313 3 
262 321 1 
262 332 2 
262 358 2 
262 678 4 
262 682 2 
262 866 4 
262 895 1 
263 3 5 
263 7 4 
263 10 5 
263 14 2 
263 15 4 
263 20 2 
263 24 1 
263 50 4 
263 93 2 
263 100 4 
263 103 3 
263 107 3 
263 112 2 
263 116 2 
263 117 2 
263 121 3 
263 124 2 
263 126 3 
263 127 4 
263 137 5 
263 147 5 
263 149 4 
263 150 2 
263 151 1 
263 221 5 
263 224 1 
263 225 2 
263 235 4 
263 242 2 
263 243 3 
263 244 1 
263 248 1 
263 249 3 
263 250 1 
263 253 3 
263 257 1 
263 258 2 
263 268 1 
263 270 2 
263 274 4 
263 282 1 
263 283 5 
263 284 5 
263 285 4 
263 288 1 
263 301 2 
263 304 5 
263 306 2 
263 311 4 
263 319 3 
263 347 1 
263 362 5 
263 455 4 
263 472 3 
263 473 3 
263 475 1 
263 477 1 
263 508 3 
263 544 2 
263 593 3 
263 596 4 
263 597 4 
263 689 4 
263 741 1 
263 744 3 
263 751 5 
263 819 4 
263 845 3 
263 864 5 
263 870 2 
263 880 4 
263 887 2 
263 926 1 
263 930 3 
263 950 4 
263 952 4 
263 988 2 
263 993 3 
264 16 3 
264 116 4 
264 176 5 
264 181 2 
264 194 2 
264 248 5 
264 258 4 
264 260 1 
264 269 3 
264 286 4 
264 289 5 
264 293 2 
264 298 5 
264 300 2 
264 301 1 
264 321 2 
264 322 1 
264 328 4 
264 333 3 
264 358 3 
264 482 5 
264 603 3 
264 678 3 
264 705 5 
264 709 5 
264 748 1 
264 879 3 
265 1 3 
265 7 5 
265 8 5 
265 12 1 
265 22 5 
265 28 5 
265 32 5 
265 56 3 
265 64 4 
265 87 1 
265 97 2 
265 100 1 
265 109 1 
265 114 5 
265 132 1 
265 134 3 
265 136 2 
265 143 3 
265 154 5 
265 169 2 
265 172 2 
265 174 3 
265 175 5 
265 179 2 
265 180 3 
265 181 5 
265 190 5 
265 191 3 
265 194 2 
265 198 4 
265 199 1 
265 202 3 
265 257 4 
265 258 1 
265 283 3 
265 286 4 
265 300 2 
265 318 4 
265 319 3 
265 395 4 
265 404 4 
265 423 4 
265 428 3 
265 474 4 
265 475 4 
265 478 5 
265 481 2 
265 496 5 
265 529 5 
265 584 1 
265 588 1 
265 603 3 
265 615 4 
265 638 2 
265 651 3 
265 656 1 
265 705 4 
265 855 2 
266 2 4 
266 11 4 
266 22 5 
266 24 3 
266 27 2 
266 50 1 
266 55 2 
266 56 4 
266 62 4 
266 79 3 
266 87 2 
266 89 5 
266 95 1 
266 96 5 
266 98 5 
266 117 3 
266 127 5 
266 128 3 
266 144 3 
266 174 1 
266 181 5 
266 182 2 
266 183 2 
266 184 3 
266 187 4 
266 188 2 
266 210 1 
266 231 1 
266 232 4 
266 258 1 
266 265 1 
266 268 3 
266 269 3 
266 273 1 
266 288 1 
266 292 5 
266 294 4 
266 302 5 
266 306 4 
266 308 3 
266 313 3 
266 315 3 
266 321 1 
266 324 1 
266 326 1 
266 327 3 
266 328 2 
266 331 2 
266 333 5 
266 334 3 
266 346 2 
266 349 4 
266 350 1 
266 354 4 
266 357 4 
266 385 1 
266 405 3 
266 455 3 
266 518 1 
266 546 3 
266 550 5 
266 566 4 
266 568 2 
266 651 3 
266 682 5 
266 748 2 
266 873 4 
266 882 5 
266 885 3 
266 898 5 
266 902 2 
266 908 3 
266 995 4 
267 7 2 
267 10 1 
267 24 3 
267 50 5 
267 93 3 
267 100 2 
267 108 1 
267 109 1 
267 150 2 
267 240 4 
267 246 5 
267 248 1 
267 249 5 
267 264 4 
267 268 4 
267 269 1 
267 273 4 
267 276 3 
267 298 5 
267 327 4 
267 340 1 
267 455 2 
267 475 3 
267 742 4 
267 762 4 
267 919 2 
268 1 4 
268 4 1 
268 7 2 
268 8 4 
268 13 4 
268 15 1 
268 19 1 
268 22 1 
268 23 3 
268 25 1 
268 31 5 
268 39 4 
268 42 2 
268 47 2 
268 51 3 
268 56 2 
268 58 3 
268 69 5 
268 70 5 
268 71 2 
268 95 2 
268 96 4 
268 97 1 
268 98 5 
268 100 3 
268 111 3 
268 116 3 
268 118 2 
268 121 2 
268 126 3 
268 132 1 
268 137 2 
268 144 4 
268 150 4 
268 153 4 
268 157 2 
268 159 2 
268 160 5 
268 170 5 
268 172 4 
268 173 2 
268 178 2 
268 180 4 
268 181 2 
268 182 4 
268 191 4 
268 192 2 
268 195 5 
268 200 5 
268 209 5 
268 214 1 
268 216 4 
268 222 3 
268 238 4 
268 246 4 
268 251 3 
268 257 3 
268 258 4 
268 273 5 
268 283 5 
268 285 2 
268 293 1 
268 294 2 
268 297 2 
268 318 4 
268 321 3 
268 357 3 
268 367 1 
268 377 3 
268 405 5 
268 411 1 
268 423 3 
268 427 1 
268 428 2 
268 435 2 
268 462 2 
268 469 2 
268 471 5 
268 475 1 
268 498 2 
268 507 3 
268 529 1 
268 544 4 
268 582 3 
268 603 5 
268 612 1 
268 642 3 
268 655 3 
268 662 3 
268 692 4 
268 699 5 
268 724 4 
268 742 5 
268 826 3 
268 856 4 
268 926 5 
268 952 1 
269 64 3 
269 65 2 
269 127 3 
269 134 3 
269 136 4 
269 153 1 
269 194 1 
269 199 1 
269 215 3 
269 286 5 
269 306 4 
269 483 5 
269 484 3 
269 490 4 
269 495 5 
269 507 4 
269 511 2 
269 520 1 
269 530 3 
269 582 2 
269 605 1 
269 610 4 
269 611 4 
269 641 5 
269 654 3 
269 656 5 
269 705 5 
269 855 3 
269 923 3 
270 1 2 
270 7 1 
270 9 1 
270 13 1 
270 19 2 
270 50 4 
270 93 5 
270 100 2 
270 118 2 
270 125 5 
270 150 3 
270 181 3 
270 221 1 
270 235 3 
270 248 2 
270 257 1 
270 258 1 
270 276 2 
270 283 5 
270 284 1 
270 285 3 
270 286 4 
270 293 1 
270 294 5 
270 295 4 
270 360 4 
270 458 1 
270 471 2 
270 475 2 
270 508 5 
270 544 3 
270 546 4 
270 813 4 
270 824 3 
270 919 5 
270 950 4 
270 952 2 
271 1 5 
271 8 2 
271 50 1 
271 94 3 
271 95 1 
271 99 5 
271 140 2 
271 225 2 
271 404 2 
271 418 1 
271 477 1 
271 501 3 
271 596 3 
271 768 2 
271 878 4 
271 932 2 
271 969 1 
272 1 4 
272 2 1 
272 3 4 
272 4 5 
272 7 1 
272 11 4 
272 12 2 
272 21 3 
272 24 1 
272 27 2 
272 28 5 
272 29 5 
272 33 1 
272 38 2 
272 41 4 
272 43 3 
272 49 3 
272 51 4 
272 56 1 
272 63 1 
272 64 3 
272 66 5 
272 68 2 
272 69 3 
272 71 3 
272 72 5 
272 73 3 
272 78 2 
272 79 4 
272 80 2 
272 82 3 
272 88 1 
272 90 2 
272 94 1 
272 97 2 
272 99 3 
272 101 1 
272 109 1 
272 117 2 
272 118 4 
272 120 5 
272 121 4 
272 122 1 
272 123 5 
272 132 4 
272 135 1 
272 141 2 
272 151 3 
272 161 2 
272 168 3 
272 172 2 
272 173 3 
272 174 1 
272 175 3 
272 177 4 
272 181 1 
272 183 1 
272 185 3 
272 186 3 
272 193 2 
272 195 2 
272 196 4 
272 204 5 
272 210 3 
272 215 3 
272 217 1 
272 218 3 
272 226 1 
272 228 4 
272 229 1 
272 232 5 
272 233 1 
272 234 3 
272 239 4 
272 240 3 
272 250 3 
272 254 4 
272 255 3 
272 258 2 
272 260 5 
272 271 4 
272 288 1 
272 313 5 
272 318 4 
272 323 1 
272 343 2 
272 355 4 
272 358 1 
272 362 1 
272 365 5 
272 368 2 
272 370 3 
272 373 1 
272 374 3 
272 375 1 
272 378 5 
272 380 1 
272 384 1 
272 386 2 
272 391 3 
272 392 1 
272 393 3 
272 395 4 
272 400 4 
272 401 2 
272 404 1 
272 411 5 
272 416 3 
272 417 1 
272 418 4 
272 431 4 
272 443 1 
272 449 4 
272 465 4 
272 473 2 
272 475 3 
272 477 1 
272 485 1 
272 496 1 
272 501 5 
272 541 5 
272 546 2 
272 548 2 
272 550 2 
272 552 3 
272 559 1 
272 561 5 
272 562 1 
272 567 4 
272 568 2 
272 569 2 
272 576 3 
272 577 1 
272 578 3 
272 584 5 
272 588 3 
272 597 4 
272 609 1 
272 625 3 
272 633 1 
272 655 1 
272 665 5 
272 672 2 
272 685 3 
272 689 3 
272 715 5 
272 720 4 
272 739 4 
272 742 4 
272 743 3 
272 746 3 
272 747 5 
272 751 5 
272 755 3 
272 756 2 
272 758 5 
272 760 1 
272 763 3 
272 768 4 
272 771 5 
272 780 4 
272 790 5 
272 796 5 
272 810 3 
272 826 5 
272 834 5 
272 877 2 
272 890 4 
272 895 5 
272 924 3 
272 928 1 
272 930 2 
272 931 1 
272 940 5 
272 946 2 
272 951 1 
272 977 2 
273 7 5 
273 9 5 
273 10 3 
273 14 3 
273 25 2 
273 116 4 
273 124 5 
273 129 4 
273 137 3 
273 242 1 
273 257 2 
273 275 2 
273 276 1 
273 293 4 
273 302 3 
273 303 5 
273 319 1 
273 327 5 
273 547 3 
273 813 5 
274 7 3 
274 8 4 
274 11 4 
274 12 4 
274 13 3 
274 14 3 
274 15 2 
274 22 5 
274 23 4 
274 26 5 
274 42 2 
274 44 5 
274 45 4 
274 48 5 
274 50 4 
274 52 5 
274 58 4 
274 60 4 
274 61 1 
274 64 5 
274 66 2 
274 68 3 
274 69 3 
274 70 1 
274 71 2 
274 72 5 
274 73 3 
274 76 1 
274 77 1 
274 79 4 
274 83 2 
274 86 4 
274 87 1 
274 88 1 
274 89 4 
274 92 5 
274 97 5 
274 98 1 
274 99 2 
274 100 2 
274 107 1 
274 116 5 
274 117 3 
274 121 4 
274 131 3 
274 132 3 
274 134 5 
274 135 1 
274 136 2 
274 141 3 
274 150 3 
274 161 1 
274 168 1 
274 170 2 
274 171 4 
274 172 3 
274 173 2 
274 175 5 
274 176 4 
274 178 4 
274 179 3 
274 180 4 
274 181 3 
274 182 2 
274 183 2 
274 191 1 
274 192 4 
274 193 2 
274 194 3 
274 195 4 
274 196 5 
274 198 3 
274 203 4 
274 205 5 
274 207 2 
274 208 4 
274 210 5 
274 211 3 
274 212 2 
274 215 4 
274 216 2 
274 218 5 
274 221 3 
274 227 3 
274 230 4 
274 234 4 
274 237 3 
274 238 3 
274 244 2 
274 248 2 
274 252 2 
274 257 2 
274 258 4 
274 265 5 
274 274 1 
274 275 3 
274 276 3 
274 282 3 
274 283 5 
274 285 2 
274 288 1 
274 289 1 
274 291 5 
274 293 4 
274 298 5 
274 302 5 
274 313 1 
274 315 5 
274 316 3 
274 317 5 
274 322 2 
274 326 4 
274 346 4 
274 356 5 
274 380 2 
274 382 4 
274 385 1 
274 410 5 
274 414 3 
274 416 3 
274 418 3 
274 419 1 
274 430 4 
274 434 4 
274 435 5 
274 436 4 
274 461 2 
274 462 1 
274 463 3 
274 470 3 
274 474 2 
274 475 3 
274 478 2 
274 480 3 
274 481 3 
274 483 3 
274 484 4 
274 486 1 
274 488 4 
274 489 3 
274 490 5 
274 491 5 
274 493 2 
274 495 3 
274 496 2 
274 497 5 
274 498 4 
274 499 1 
274 503 4 
274 506 1 
274 507 5 
274 508 1 
274 511 5 
274 513 5 
274 514 2 
274 517 4 
274 518 4 
274 519 1 
274 520 5 
274 521 2 
274 525 2 
274 526 1 
274 527 5 
274 528 5 
274 529 2 
274 530 5 
274 553 1 
274 566 4 
274 584 3 
274 591 3 
274 601 3 
274 602 2 
274 603 4 
274 604 5 
274 605 5 
274 607 2 
274 610 2 
274 614 5 
274 615 3 
274 618 5 
274 628 4 
274 633 2 
274 641 2 
274 642 3 
274 646 4 
274 648 2 
274 649 4 
274 651 3 
274 653 3 
274 657 5 
274 659 2 
274 660 1 
274 661 2 
274 664 5 
274 676 5 
274 684 5 
274 685 4 
274 692 2 
274 696 3 
274 697 3 
274 699 1 
274 705 3 
274 707 3 
274 708 5 
274 709 5 
274 735 1 
274 736 2 
274 744 4 
274 756 1 
274 789 4 
274 792 2 
274 836 4 
274 848 1 
274 921 1 
274 923 1 
274 939 4 
274 943 5 
274 945 1 
274 963 4 
274 966 4 
274 971 3 
274 996 3 
275 70 5 
275 100 1 
275 127 2 
275 259 1 
275 286 4 
275 313 3 
275 381 1 
276 4 5 
276 26 2 
276 33 3 
276 56 1 
276 63 3 
276 67 4 
276 72 1 
276 73 1 
276 80 5 
276 83 1 
276 88 3 
276 168 4 
276 173 2 
276 175 5 
276 186 4 
276 202 1 
276 204 5 
276 209 5 
276 211 5 
276 216 2 
276 232 5 
276 238 2 
276 239 3 
276 288 2 
276 294 1 
276 300 5 
276 328 2 
276 343 2 
276 367 1 
276 386 1 
276 435 2 
276 579 2 
276 648 3 
276 655 1 
276 692 3 
276 710 4 
276 712 4 
276 715 4 
276 734 2 
276 738 3 
276 748 4 
276 765 5 
276 781 4 
276 790 3 
276 792 2 
276 890 4 
276 944 4 
276 999 4 
277 20 3 
277 25 3 
277 36 1 
277 49 1 
277 88 4 
277 90 4 
277 237 1 
277 255 1 
277 282 4 
277 289 5 
277 294 2 
277 369 5 
277 553 5 
277 709 3 
277 722 4 
277 731 1 
277 732 1 
277 756 3 
277 781 3 
277 846 5 
278 1 2 
278 7 5 
278 17 4 
278 23 3 
278 26 5 
278 28 5 
278 40 3 
278 42 1 
278 48 3 
278 50 4 
278 65 1 
278 69 3 
278 72 2 
278 77 3 
278 79 5 
278 81 3 
278 93 2 
278 98 5 
278 111 4 
278 122 2 
278 134 3 
278 143 4 
278 145 5 
278 151 5 
278 160 3 
278 161 3 
278 188 2 
278 196 2 
278 216 4 
278 218 5 
278 219 2 
278 222 2 
278 231 3 
278 237 2 
278 238 3 
278 255 3 
278 276 2 
278 282 2 
278 288 2 
278 300 3 
278 318 3 
278 327 4 
278 340 5 
278 350 1 
278 354 4 
278 357 3 
278 367 2 
278 369 5 
278 381 3 
278 392 3 
278 403 3 
278 410 5 
278 412 1 
278 427 4 
278 447 5 
278 451 5 
278 467 2 
278 469 1 
278 518 5 
278 568 4 
278 591 4 
278 604 2 
278 616 2 
278 655 4 
278 658 4 
278 673 3 
278 684 5 
278 743 3 
278 763 4 
278 843 1 
278 866 5 
278 959 1 
278 975 4 
279 1 4 
279 8 5 
279 24 4 
279 28 5 
279 31 1 
279 50 4 
279 54 2 
279 55 1 
279 58 3 
279 66 4 
279 70 4 
279 71 4 
279 79 3 
279 82 5 
279 88 3 
279 89 2 
279 95 5 
279 96 2 
279 97 2 
279 100 3 
279 101 4 
279 108 5 
279 111 5 
279 117 3 
279 118 2 
279 121 3 
279 122 4 
279 127 2 
279 133 3 
279 135 5 
279 144 3 
279 147 1 
279 148 4 
279 153 2 
279 161 4 
279 164 1 
279 168 3 
279 172 1 
279 173 3 
279 174 5 
279 175 5 
279 176 3 
279 177 5 
279 179 4 
279 180 2 
279 181 3 
279 182 5 
279 183 4 
279 185 5 
279 187 4 
279 188 3 
279 189 4 
279 190 5 
279 195 5 
279 197 3 
279 198 4 
279 201 1 
279 204 5 
279 209 1 
279 210 5 
279 211 1 
279 213 3 
279 215 5 
279 216 3 
279 228 4 
279 230 1 
279 241 2 
279 248 1 
279 249 1 
279 255 5 
279 257 3 
279 258 2 
279 261 3 
279 264 1 
279 265 5 
279 266 4 
279 270 2 
279 272 3 
279 274 4 
279 281 4 
279 282 1 
279 286 5 
279 288 4 
279 294 2 
279 295 4 
279 298 2 
279 300 4 
279 304 2 
279 325 5 
279 328 4 
279 356 2 
279 358 3 
279 380 5 
279 385 4 
279 398 5 
279 405 4 
279 421 1 
279 422 3 
279 423 2 
279 436 5 
279 455 2 
279 463 5 
279 472 5 
279 479 5 
279 483 5 
279 489 2 
279 510 1 
279 511 3 
279 523 1 
279 526 2 
279 528 4 
279 535 3 
279 546 1 
279 566 4 
279 588 1 
279 602 3 
279 604 3 
279 616 3 
279 629 2 
279 632 2 
279 640 1 
279 651 3 
279 655 3 
279 680 4 
279 688 5 
279 692 2 
279 727 3 
279 732 2 
279 739 4 
279 748 5 
279 751 2 
279 752 1 
279 840 1 
279 879 3 
279 931 4 
279 945 5 
280 8 3 
280 12 2 
280 64 2 
280 89 5 
280 96 4 
280 100 5 
280 114 2 
280 127 3 
280 165 4 
280 172 4 
280 174 3 
280 175 3 
280 183 1 
280 190 3 
280 191 2 
280 213 1 
280 234 5 
280 237 2 
280 257 4 
280 258 2 
280 265 5 
280 272 1 
280 298 3 
280 347 5 
280 462 2 
280 479 2 
280 483 3 
280 504 5 
280 510 5 
280 511 3 
280 517 5 
280 603 4 
280 615 1 
280 642 2 
280 661 3 
280 705 3 
280 863 1 
281 4 5 
281 42 1 
281 50 4 
281 66 1 
281 70 1 
281 86 1 
281 100 2 
281 153 3 
281 163 1 
281 173 5 
281 190 5 
281 197 5 
281 204 4 
281 207 1 
281 210 3 
281 216 5 
281 283 1 
281 313 4 
281 318 2 
281 322 2 
281 367 1 
281 427 4 
281 430 3 
281 479 1 
281 484 4 
281 505 3 
281 507 2 
281 524 3 
281 648 4 
281 650 5 
281 659 3 
281 678 5 
281 692 3 
281 780 1 
282 127 2 
282 257 1 
282 269 3 
282 288 1 
282 295 3 
282 298 2 
282 311 2 
282 315 3 
282 346 5 
282 876 5 
282 881 3 
282 988 5 
283 1 3 
283 12 5 
283 20 5 
283 99 5 
283 107 5 
283 109 5 
283 116 1 
283 121 5 
283 151 2 
283 180 2 
283 195 5 
283 197 2 
283 199 5 
283 229 2 
283 230 5 
283 250 4 
283 257 2 
283 270 4 
283 271 1 
283 274 5 
283 275 1 
283 277 5 
283 286 5 
283 290 5 
283 313 5 
283 318 4 
283 365 3 
283 380 3 
283 405 4 
283 449 1 
283 450 5 
283 462 1 
283 480 5 
283 538 3 
283 582 2 
283 612 1 
283 743 2 
283 900 2 
284 1 5 
284 7 4 
284 9 5 
284 15 5 
284 24 3 
284 25 1 
284 28 5 
284 29 2 
284 50 1 
284 51 4 
284 53 4 
284 56 5 
284 69 1 
284 70 1 
284 71 5 
284 73 1 
284 79 4 
284 82 5 
284 94 5 
284 96 1 
284 97 2 
284 98 3 
284 111 5 
284 122 3 
284 135 4 
284 136 3 
284 141 4 
284 143 2 
284 144 5 
284 150 3 
284 151 3 
284 168 5 
284 173 5 
284 174 3 
284 181 4 
284 195 5 
284 202 1 
284 204 2 
284 216 2 
284 222 4 
284 227 5 
284 229 3 
284 234 2 
284 235 3 
284 237 4 
284 248 5 
284 250 4 
284 252 5 
284 255 2 
284 257 4 
284 258 3 
284 274 1 
284 275 2 
284 293 1 
284 294 5 
284 300 1 
284 313 1 
284 315 5 
284 318 5 
284 343 4 
284 385 1 
284 392 4 
284 399 4 
284 405 2 
284 419 5 
284 422 3 
284 427 1 
284 431 1 
284 449 3 
284 451 2 
284 463 3 
284 472 3 
284 510 2 
284 550 3 
284 554 1 
284 560 1 
284 562 2 
284 568 4 
284 578 4 
284 588 4 
284 597 2 
284 625 4 
284 651 4 
284 655 5 
284 665 4 
284 679 2 
284 692 5 
284 699 3 
284 746 4 
284 778 1 
284 823 4 
284 829 3 
284 849 2 
284 879 5 
284 924 4 
284 926 4 
285 288 5 
285 289 2 
285 303 1 
285 307 4 
285 313 1 
285 319 5 
285 321 1 
285 326 1 
285 330 3 
285 347 2 
285 748 3 
286 1 4 
286 3 5 
286 7 4 
286 10 5 
286 13 3 
286 14 1 
286 15 5 
286 93 4 
286 109 4 
286 111 1 
286 121 3 
286 123 3 
286 124 4 
286 125 5 
286 127 3 
286 129 3 
286 137 2 
286 146 1 
286 147 5 
286 150 1 
286 151 5 
286 181 5 
286 220 3 
286 221 3 
286 235 1 
286 236 1 
286 237 4 
286 245 4 
286 248 2 
286 250 2 
286 255 5 
286 257 4 
286 258 4 
286 262 4 
286 264 5 
286 270 3 
286 273 3 
286 275 3 
286 276 4 
286 277 4 
286 280 3 
286 282 3 
286 284 3 
286 285 5 
286 286 3 
286 287 4 
286 295 4 
286 298 1 
286 299 2 
286 300 3 
286 305 5 
286 319 2 
286 321 5 
286 322 2 
286 327 3 
286 331 4 
286 332 3 
286 333 4 
286 460 3 
286 471 2 
286 475 3 
286 476 5 
286 508 5 
286 591 2 
286 595 1 
286 597 4 
286 620 5 
286 628 2 
286 678 5 
286 689 2 
286 690 1 
286 696 1 
286 717 2 
286 718 1 
286 742 2 
286 748 3 
286 762 3 
286 766 1 
286 818 5 
286 823 4 
286 846 2 
286 864 3 
286 872 2 
286 874 3 
286 879 4 
286 880 3 
286 882 5 
286 886 5 
286 887 4 
286 924 3 
286 935 4 
286 936 2 
286 975 1 
286 994 5 
286 995 4 
287 1 2 
287 2 2 
287 3 1 
287 4 2 
287 12 3 
287 17 1 
287 25 5 
287 28 2 
287 31 2 
287 38 1 
287 42 2 
287 43 5 
287 45 4 
287 48 4 
287 49 4 
287 50 4 
287 55 5 
287 58 5 
287 66 2 
287 68 5 
287 69 4 
287 71 4 
287 73 2 
287 76 5 
287 77 5 
287 79 4 
287 81 1 
287 82 2 
287 87 1 
287 88 4 
287 92 5 
287 95 5 
287 96 5 
287 97 1 
287 99 2 
287 100 2 
287 111 1 
287 117 3 
287 121 2 
287 125 1 
287 128 2 
287 133 3 
287 136 1 
287 140 3 
287 143 3 
287 144 5 
287 150 4 
287 160 2 
287 161 1 
287 172 1 
287 174 4 
287 176 5 
287 179 2 
287 181 2 
287 183 5 
287 188 2 
287 191 4 
287 194 2 
287 195 1 
287 196 4 
287 202 4 
287 206 3 
287 215 2 
287 216 4 
287 218 4 
287 222 1 
287 226 2 
287 227 1 
287 230 3 
287 232 5 
287 237 2 
287 239 1 
287 249 2 
287 252 3 
287 255 1 
287 257 3 
287 258 1 
287 259 2 
287 260 4 
287 265 3 
287 270 5 
287 272 2 
287 273 3 
287 276 4 
287 280 5 
287 282 5 
287 286 5 
287 288 5 
287 289 1 
287 293 2 
287 294 4 
287 298 2 
287 300 3 
287 318 3 
287 333 3 
287 347 1 
287 356 3 
287 366 4 
287 367 1 
287 378 5 
287 402 3 
287 411 2 
287 412 5 
287 423 2 
287 432 5 
287 455 4 
287 462 4 
287 470 4 
287 471 4 
287 474 3 
287 501 1 
287 540 3 
287 541 2 
287 546 4 
287 549 3 
287 550 2 
287 566 3 
287 572 4 
287 578 5 
287 588 3 
287 591 5 
287 596 3 
287 597 4 
287 620 5 
287 627 5 
287 628 2 
287 651 2 
287 652 2 
287 658 5 
287 672 1 
287 679 3 
287 684 1 
287 685 1 
287 686 2 
287 692 3 
287 710 1 
287 713 3 
287 727 5 
287 732 5 
287 735 4 
287 739 3 
287 742 2 
287 747 4 
287 748 3 
287 768 3 
287 772 3 
287 779 1 
287 781 4 
287 790 1 
287 794 3 
287 820 1 
287 823 2 
287 833 4 
287 845 2 
287 921 2 
287 932 2 
287 939 5 
287 941 5 
287 955 4 
287 956 5 
287 978 1 
288 1 1 
288 8 3 
288 9 3 
288 11 3 
288 22 3 
288 28 3 
288 33 4 
288 58 5 
288 64 5 
288 69 2 
288 70 5 
288 83 2 
288 87 1 
288 96 4 
288 98 3 
288 111 2 
288 133 5 
288 135 2 
288 154 3 
288 164 4 
288 168 5 
288 172 1 
288 173 1 
288 176 5 
288 180 1 
288 181 4 
288 182 3 
288 183 4 
288 185 1 
288 186 1 
288 190 5 
288 196 3 
288 198 3 
288 199 3 
288 200 4 
288 203 1 
288 207 1 
288 208 2 
288 210 2 
288 211 1 
288 222 4 
288 228 5 
288 230 3 
288 238 4 
288 243 2 
288 245 2 
288 258 4 
288 260 1 
288 265 2 
288 269 5 
288 289 4 
288 292 5 
288 299 3 
288 304 3 
288 318 3 
288 328 1 
288 333 4 
288 357 3 
288 358 1 
288 385 3 
288 405 2 
288 414 2 
288 419 1 
288 429 1 
288 434 3 
288 468 1 
288 474 3 
288 480 2 
288 485 5 
288 491 3 
288 493 4 
288 496 4 
288 498 3 
288 500 5 
288 510 4 
288 511 2 
288 514 1 
288 515 3 
288 520 4 
288 521 4 
288 523 2 
288 526 2 
288 527 5 
288 568 2 
288 605 1 
288 612 5 
288 655 5 
288 659 4 
288 662 2 
288 692 4 
288 707 5 
288 724 3 
288 732 5 
288 748 1 
288 776 2 
288 845 2 
288 880 4 
288 890 2 
289 243 3 
289 258 5 
289 259 3 
289 260 4 
289 261 3 
289 263 5 
289 264 5 
289 266 2 
289 268 3 
289 270 2 
289 271 4 
289 272 2 
289 286 3 
289 288 4 
289 289 2 
289 292 4 
289 294 4 
289 301 1 
289 302 1 
289 303 1 
289 308 2 
289 310 3 
289 313 5 
289 315 4 
289 316 4 
289 321 5 
289 324 5 
289 325 4 
289 326 4 
289 327 5 
289 330 3 
289 331 4 
289 332 1 
289 333 2 
289 334 3 
289 339 5 
289 340 3 
289 342 3 
289 343 5 
289 349 5 
289 353 3 
289 355 4 
289 358 2 
289 457 3 
289 538 4 
289 539 4 
289 678 2 
289 681 5 
289 682 5 
289 687 5 
289 689 2 
289 750 1 
289 751 2 
289 752 4 
289 872 1 
289 873 4 
289 874 3 
289 875 3 
289 881 1 
289 883 3 
289 887 1 
289 890 3 
289 892 1 
289 902 4 
289 908 5 
289 948 3 
289 988 4 
289 989 5 
289 991 4 
290 1 2 
290 7 5 
290 9 5 
290 15 1 
290 50 2 
290 93 3 
290 117 5 
290 124 2 
290 126 2 
290 127 4 
290 150 1 
290 151 1 
290 181 4 
290 224 4 
290 237 3 
290 246 4 
290 257 1 
290 258 1 
290 273 2 
290 277 5 
290 284 4 
290 286 1 
290 292 5 
290 293 1 
290 298 1 
290 302 2 
290 333 4 
290 410 3 
290 475 3 
290 515 1 
290 596 2 
290 764 4 
290 847 5 
290 919 1 
290 926 4 
290 993 5 
291 7 5 
291 19 3 
291 45 3 
291 100 1 
291 124 3 
291 129 3 
291 236 1 
291 237 1 
291 258 3 
291 273 3 
291 286 2 
291 340 4 
291 475 1 
291 657 4 
291 900 4 
292 45 4 
292 56 4 
292 64 3 
292 69 4 
292 83 4 
292 97 3 
292 100 2 
292 124 5 
292 127 3 
292 134 4 
292 137 3 
292 185 3 
292 186 5 
292 187 1 
292 192 3 
292 193 1 
292 205 1 
292 221 1 
292 242 5 
292 285 2 
292 286 2 
292 318 2 
292 479 3 
292 482 4 
292 483 1 
292 492 5 
292 511 5 
292 523 5 
292 527 5 
292 531 3 
292 654 2 
292 657 5 
292 772 3 
292 923 4 
293 1 4 
293 7 3 
293 11 4 
293 12 2 
293 22 2 
293 24 5 
293 48 4 
293 50 5 
293 56 5 
293 59 5 
293 60 3 
293 61 2 
293 65 2 
293 69 1 
293 71 1 
293 79 4 
293 82 1 
293 91 4 
293 95 1 
293 96 2 
293 98 4 
293 100 5 
293 115 2 
293 117 2 
293 118 4 
293 121 4 
293 124 2 
293 127 1 
293 150 5 
293 156 2 
293 168 1 
293 171 1 
293 172 3 
293 173 4 
293 174 4 
293 175 2 
293 176 1 
293 180 5 
293 181 2 
293 182 4 
293 183 3 
293 188 1 
293 191 5 
293 192 5 
293 195 4 
293 196 1 
293 201 5 
293 209 1 
293 210 1 
293 222 2 
293 234 5 
293 235 1 
293 238 1 
293 239 4 
293 250 2 
293 252 3 
293 257 2 
293 258 3 
293 260 2 
293 264 2 
293 265 2 
293 271 4 
293 273 3 
293 275 1 
293 284 3 
293 288 2 
293 298 2 
293 300 3 
293 318 4 
293 323 2 
293 327 5 
293 328 3 
293 343 1 
293 357 2 
293 369 3 
293 405 1 
293 411 2 
293 423 4 
293 431 3 
293 455 2 
293 462 2 
293 475 4 
293 483 5 
293 527 4 
293 528 1 
293 546 2 
293 550 3 
293 597 5 
293 647 2 
293 652 3 
293 684 4 
293 687 4 
293 693 2 
293 742 3 
293 746 4 
293 751 2 
293 754 1 
293 762 3 
293 763 5 
293 876 2 
293 886 4 
293 890 3 
293 925 4 
294 1 1 
294 9 3 
294 15 5 
294 64 3 
294 65 3 
294 86 5 
294 98 5 
294 100 4 
294 126 1 
294 174 3 
294 183 3 
294 191 1 
294 194 5 
294 222 5 
294 237 2 
294 286 4 
294 289 4 
294 294 3 
294 322 2 
294 357 5 
294 479 4 
294 507 5 
294 528 4 
294 748 3 
294 924 5 
295 2 5 
295 4 2 
295 11 3 
295 29 2 
295 44 1 
295 50 5 
295 53 3 
295 54 5 
295 56 2 
295 62 4 
295 64 1 
295 68 1 
295 69 5 
295 71 5 
295 79 4 
295 84 1 
295 86 5 
295 88 5 
295 89 1 
295 90 2 
295 91 4 
295 94 3 
295 95 1 
295 98 4 
295 101 5 
295 109 4 
295 120 4 
295 127 1 
295 132 2 
295 133 3 
295 139 5 
295 140 5 
295 144 5 
295 145 4 
295 147 1 
295 153 1 
295 155 3 
295 157 5 
295 158 4 
295 161 2 
295 162 2 
295 163 3 
295 167 5 
295 168 2 
295 172 2 
295 173 5 
295 174 1 
295 176 5 
295 179 3 
295 181 2 
295 184 5 
295 186 5 
295 188 4 
295 191 4 
295 195 3 
295 200 4 
295 201 5 
295 202 5 
295 214 4 
295 216 1 
295 217 5 
295 219 2 
295 222 2 
295 226 4 
295 227 3 
295 228 5 
295 229 1 
295 230 4 
295 231 4 
295 232 3 
295 234 4 
295 235 5 
295 265 5 
295 282 1 
295 288 1 
295 357 4 
295 379 3 
295 380 3 
295 385 2 
295 386 1 
295 389 2 
295 391 5 
295 392 5 
295 395 1 
295 402 1 
295 403 2 
295 404 3 
295 413 1 
295 416 3 
295 417 5 
295 421 2 
295 423 1 
295 431 3 
295 433 3 
295 435 4 
295 444 5 
295 447 4 
295 449 5 
295 452 4 
295 465 2 
295 470 2 
295 472 3 
295 478 2 
295 479 2 
295 496 3 
295 501 1 
295 504 4 
295 505 2 
295 507 5 
295 523 2 
295 550 4 
295 559 1 
295 566 5 
295 575 1 
295 581 4 
295 616 4 
295 622 1 
295 629 4 
295 642 2 
295 650 5 
295 658 5 
295 660 2 
295 665 5 
295 671 5 
295 674 1 
295 679 1 
295 684 2 
295 705 1 
295 732 3 
295 742 3 
295 768 2 
295 770 2 
295 790 1 
295 796 3 
295 797 1 
295 831 3 
295 843 2 
295 924 1 
295 944 5 
296 7 4 
296 10 4 
296 17 1 
296 33 1 
296 38 1 
296 39 4 
296 42 2 
296 50 4 
296 53 3 
296 56 2 
296 64 2 
296 77 3 
296 87 1 
296 96 2 
296 97 1 
296 98 4 
296 99 1 
296 109 1 
296 132 3 
296 133 2 
296 135 3 
296 136 2 
296 141 3 
296 142 2 
296 143 1 
296 147 5 
296 150 2 
296 154 4 
296 156 2 
296 158 3 
296 164 3 
296 172 1 
296 173 1 
296 181 3 
296 183 1 
296 186 3 
296 204 5 
296 222 3 
296 227 2 
296 228 4 
296 229 4 
296 246 3 
296 268 1 
296 288 1 
296 318 3 
296 356 2 
296 378 4 
296 380 5 
296 393 1 
296 417 3 
296 418 5 
296 420 2 
296 421 2 
296 433 3 
296 469 1 
296 480 2 
296 484 2 
296 485 2 
296 509 4 
296 526 2 
296 528 2 
296 532 1 
296 554 2 
296 561 5 
296 607 4 
296 625 3 
296 633 1 
296 727 2 
296 743 4 
296 746 3 
296 774 5 
296 825 2 
296 921 3 
297 1 4 
297 2 3 
297 3 1 
297 11 2 
297 12 3 
297 13 2 
297 19 2 
297 24 5 
297 25 2 
297 28 1 
297 31 3 
297 38 4 
297 39 1 
297 54 5 
297 56 1 
297 66 5 
297 67 1 
297 70 5 
297 71 5 
297 72 2 
297 77 3 
297 79 2 
297 80 2 
297 87 3 
297 89 3 
297 94 2 
297 95 5 
297 96 3 
297 97 3 
297 98 5 
297 99 4 
297 100 1 
297 101 5 
297 105 1 
297 108 1 
297 109 1 
297 114 3 
297 118 4 
297 122 1 
297 127 5 
297 139 2 
297 145 1 
297 152 1 
297 153 1 
297 155 3 
297 161 1 
297 163 2 
297 164 3 
297 167 4 
297 168 2 
297 173 3 
297 174 4 
297 175 5 
297 181 1 
297 183 2 
297 185 3 
297 186 3 
297 187 2 
297 188 2 
297 189 5 
297 194 2 
297 195 2 
297 197 5 
297 202 2 
297 204 2 
297 208 2 
297 217 3 
297 222 4 
297 225 5 
297 227 3 
297 228 1 
297 229 5 
297 230 3 
297 233 3 
297 234 2 
297 240 4 
297 242 3 
297 248 1 
297 250 4 
297 252 2 
297 257 1 
297 258 3 
297 260 4 
297 268 4 
297 273 5 
297 274 5 
297 288 3 
297 291 1 
297 325 4 
297 358 1 
297 363 5 
297 364 4 
297 373 5 
297 381 4 
297 382 2 
297 384 1 
297 385 2 
297 386 5 
297 393 4 
297 395 5 
297 399 2 
297 403 1 
297 405 5 
297 407 3 
297 408 5 
297 412 3 
297 418 3 
297 423 5 
297 431 1 
297 432 5 
297 451 5 
297 452 4 
297 455 5 
297 465 4 
297 472 3 
297 475 1 
297 501 5 
297 508 4 
297 510 5 
297 526 4 
297 540 3 
297 545 4 
297 549 2 
297 550 5 
297 552 3 
297 559 1 
297 562 4 
297 566 4 
297 568 1 
297 570 1 
297 575 3 
297 577 4 
297 578 5 
297 588 2 
297 590 4 
297 597 4 
297 603 5 
297 625 1 
297 627 3 
297 645 2 
297 651 1 
297 652 2 
297 655 2 
297 657 1 
297 679 1 
297 692 5 
297 716 2 
297 721 2 
297 722 3 
297 724 5 
297 731 5 
297 741 4 
297 748 3 
297 758 3 
297 765 4 
297 771 2 
297 780 4 
297 781 3 
297 783 1 
297 790 1 
297 792 1 
297 797 2 
297 802 1 
297 808 5 
297 809 3 
297 810 5 
297 840 5 
297 849 4 
297 864 4 
297 940 3 
297 943 5 
297 1000 4 
298 10 3 
298 11 4 
298 12 4 
298 23 4 
298 32 5 
298 50 4 
298 53 4 
298 54 5 
298 56 3 
298 59 4 
298 61 3 
298 79 1 
298 83 3 
298 89 3 
298 98 3 
298 121 3 
298 124 2 
298 127 3 
298 136 4 
298 137 1 
298 144 4 
298 150 4 
298 151 1 
298 156 3 
298 160 5 
298 164 4 
298 168 2 
298 171 5 
298 172 2 
298 175 3 
298 176 3 
298 182 2 
298 183 5 
298 186 3 
298 187 5 
298 191 4 
298 192 3 
298 197 1 
298 202 5 
298 203 1 
298 204 1 
298 210 2 
298 218 4 
298 222 5 
298 228 5 
298 229 1 
298 258 1 
298 262 1 
298 271 5 
298 275 1 
298 288 2 
298 293 4 
298 302 5 
298 340 2 
298 381 3 
298 425 2 
298 435 5 
298 443 3 
298 447 2 
298 448 3 
298 449 1 
298 464 3 
298 474 5 
298 475 4 
298 483 5 
298 484 3 
298 486 3 
298 489 3 
298 512 2 
298 515 3 
298 522 2 
298 525 5 
298 548 3 
298 554 5 
298 558 1 
298 594 1 
298 607 1 
298 628 3 
298 631 5 
298 649 5 
298 652 5 
298 656 2 
298 664 1 
298 675 1 
298 693 5 
298 754 3 
298 772 5 
298 806 5 
298 887 4 
298 919 4 
298 922 3 
298 933 2 
298 985 2 
299 7 2 
299 8 1 
299 11 4 
299 12 4 
299 50 5 
299 69 5 
299 87 5 
299 97 5 
299 117 2 
299 132 3 
299 153 1 
299 157 5 
299 176 2 
299 177 4 
299 181 5 
299 182 1 
299 183 1 
299 191 2 
299 193 2 
299 194 1 
299 198 3 
299 202 5 
299 207 4 
299 210 5 
299 213 4 
299 215 2 
299 238 5 
299 251 3 
299 271 4 
299 272 3 
299 275 4 
299 295 4 
299 300 4 
299 301 2 
299 312 5 
299 313 5 
299 318 4 
299 326 3 
299 357 4 
299 414 2 
299 425 2 
299 427 3 
299 463 3 
299 474 1 
299 482 5 
299 483 1 
299 484 3 
299 486 2 
299 497 1 
299 511 2 
299 514 5 
299 516 3 
299 520 1 
299 521 5 
299 530 3 
299 539 5 
299 605 4 
299 651 5 
299 657 2 
299 661 2 
299 663 1 
299 690 5 
299 692 5 
299 742 4 
299 750 1 
299 879 5 
299 886 4 
299 887 1 
299 902 1 
300 1 3 
300 3 5 
300 8 1 
300 9 1 
300 15 4 
300 25 1 
300 28 2 
300 30 1 
300 39 5 
300 42 2 
300 43 2 
300 44 5 
300 45 3 
300 50 4 
300 56 2 
300 58 4 
300 59 4 
300 61 4 
300 62 2 
300 69 4 
300 70 1 
300 72 3 
300 77 1 
300 83 1 
300 88 1 
300 89 2 
300 94 5 
300 97 5 
300 98 2 
300 100 1 
300 116 3 
300 118 1 
300 120 1 
300 125 3 
300 129 2 
300 133 1 
300 135 2 
300 143 4 
300 147 4 
300 159 2 
300 164 4 
300 172 1 
300 175 3 
300 179 5 
300 181 4 
300 196 5 
300 204 5 
300 208 2 
300 210 3 
300 211 5 
300 216 3 
300 217 1 
300 223 1 
300 234 1 
300 235 3 
300 238 3 
300 244 4 
300 245 2 
300 246 2 
300 250 5 
300 252 4 
300 255 2 
300 257 3 
300 268 1 
300 274 1 
300 275 2 
300 276 2 
300 281 2 
300 282 4 
300 283 3 
300 284 3 
300 285 2 
300 287 3 
300 294 5 
300 298 3 
300 300 3 
300 301 1 
300 304 4 
300 316 2 
300 319 3 
300 325 4 
300 381 5 
300 386 1 
300 387 3 
300 393 4 
300 396 1 
300 405 4 
300 407 3 
300 412 2 
300 421 5 
300 448 4 
300 464 3 
300 469 1 
300 471 1 
300 472 2 
300 475 2 
300 476 4 
300 479 1 
300 498 3 
300 509 3 
300 514 3 
300 517 4 
300 522 1 
300 529 5 
300 531 5 
300 535 3 
300 553 1 
300 559 1 
300 568 4 
300 569 2 
300 584 5 
300 611 2 
300 619 1 
300 639 2 
300 640 4 
300 660 4 
300 662 4 
300 665 3 
300 699 5 
300 709 5 
300 714 4 
300 721 4 
300 729 5 
300 735 5 
300 739 2 
300 742 3 
300 762 5 
300 768 3 
300 775 1 
300 780 4 
300 781 4 
300 815 3 
300 821 3 
300 827 4 
300 836 4 
300 845 4 
300 930 3 
300 964 3 
300 971 5 
300 988 2 
300 996 5 
