301 191 2
301 204 3
301 269 1
301 283 4
301 423 1
301 484 4
301 515 2
301 604 4
302 243 2
302 269 3
302 286 2
302 313 3
302 315 4
302 326 3
302 328 2
302 333 2
302 678 3
303 258 4
303 268 4
303 269 4
303 294 3
303 300 4
303 303 3
303 305 3
303 325 2
303 333 2
303 340 4
303 682 3
303 995 2
304 64 5
304 143 5
304 194 5
304 245 5
304 286 4
304 418 4
304 480 4
304 492 2
304 604 2
304 606 4
304 705 3
305 137 4
305 272 3
305 327 3
305 650 3
305 651 3
305 750 4
305 886 2
306 121 4
306 126 4
306 127 4
306 151 4
306 252 3
306 289 3
306 405 4
306 924 3
307 111 3
307 118 3
307 181 4
307 220 3
307 252 4
307 258 4
307 298 3
307 301 4
307 471 4
307 476 3
307 546 3
307 845 4
307 926 2
308 245 1
308 288 3
308 300 4
308 873 2
308 879 2
309 268 3
309 270 4
309 292 2
309 300 2
309 302 3
309 310 4
309 313 4
309 332 3
309 346 3
309 682 3
309 690 2
309 880 3
310 21 2
310 94 2
310 181 2
310 240 2
310 300 3
310 596 2
310 597 4
311 64 1
311 111 3
311 151 3
311 251 4
311 257 3
311 272 3
311 750 4
311 751 3
312 1 4
312 9 4
312 100 4
312 129 4
312 268 4
312 276 4
312 286 4
312 300 4
312 742 4
313 243 3
313 286 4
313 288 3
313 310 2
313 313 3
313 315 4
313 323 4
313 333 2
313 748 4
314 258 4
314 272 2
314 288 3
314 319 1
314 362 3
314 882 3
314 891 3
315 243 3
315 259 5
315 288 4
315 294 4
315 321 2
315 339 2
315 342 3
315 359 1
315 410 1
315 597 4
315 687 4
315 875 3
315 988 2
316 14 3
316 237 4
316 245 3
316 272 4
316 313 4
316 321 4
316 676 1
317 272 1
317 315 4
317 316 4
317 319 3
317 345 2
318 98 3
318 173 5
318 245 3
318 269 5
318 286 4
318 288 3
318 294 3
318 301 1
318 313 4
318 315 4
318 347 3
318 752 5
319 271 4
319 288 2
319 289 2
319 301 3
319 304 2
319 308 2
319 310 2
319 331 3
319 338 3
319 877 2
319 938 1
319 989 2
320 269 3
320 271 2
320 288 2
320 294 2
320 300 3
320 305 4
320 325 3
320 327 3
320 333 2
320 343 1
320 890 3
321 100 4
321 150 4
321 151 4
321 168 4
321 191 1
321 194 4
321 198 3
321 205 1
321 222 4
321 276 3
321 288 5
321 313 4
321 682 2
321 902 2
322 1 3
322 24 2
322 147 1
322 254 2
322 405 3
322 410 3
322 471 3
322 473 2
322 742 4
323 100 4
323 264 3
323 328 4
323 456 4
323 687 2
323 876 2
323 881 4
323 948 4
324 245 2
324 270 4
324 289 3
324 294 2
324 309 2
324 322 3
324 328 2
324 879 3
325 237 4
325 271 3
325 278 1
325 288 3
325 298 3
325 300 4
325 313 2
325 328 2
325 343 1
325 682 1
325 742 2
325 763 3
326 13 5
326 25 4
326 100 3
326 111 4
326 116 4
326 150 2
326 235 4
326 283 4
326 306 4
326 476 3
326 756 2
327 258 4
327 300 4
327 303 4
327 319 3
327 333 3
327 334 4
328 14 5
328 50 1
328 222 4
328 258 4
328 748 5
328 832 4
328 845 5
329 245 1
329 264 3
329 268 4
329 322 3
329 323 2
329 328 3
329 354 3
329 678 3
329 748 3
329 879 4
330 259 3
330 267 3
330 268 4
330 301 3
330 306 3
330 333 1
330 338 3
330 346 3
330 682 3
330 751 3
330 879 3
331 1 5
331 5 4
331 7 4
331 8 4
331 9 4
331 11 3
331 12 4
331 22 5
331 31 4
331 38 5
331 53 3
331 54 5
331 56 4
331 70 4
331 73 2
331 77 5
331 79 4
331 82 5
331 95 3
331 96 4
331 97 3
331 98 2
331 105 3
331 106 3
331 117 4
331 118 5
331 120 2
331 121 5
331 122 2
331 123 3
331 125 3
331 127 4
331 144 4
331 156 4
331 159 4
331 172 3
331 174 3
331 181 3
331 182 4
331 204 3
331 210 4
331 218 4
331 222 4
331 227 3
331 228 3
331 229 4
331 230 4
331 232 3
331 233 4
331 234 4
331 235 2
331 237 3
331 240 3
331 249 2
331 255 3
331 257 3
331 258 4
331 264 3
331 265 4
331 271 5
331 273 4
331 282 4
331 288 5
331 291 3
331 293 3
331 294 5
331 295 4
331 298 4
331 300 5
331 307 4
331 313 5
331 322 4
331 323 3
331 326 4
331 327 5
331 328 5
331 332 3
331 333 4
331 342 3
331 356 4
331 369 2
331 370 2
331 405 4
331 406 5
331 409 3
331 410 5
331 449 2
331 450 2
331 451 4
331 452 2
331 456 2
331 470 4
331 546 5
331 566 2
331 595 3
331 597 4
331 628 4
331 651 4
331 655 4
331 660 4
331 673 5
331 679 1
331 684 4
331 693 2
331 696 1
331 728 3
331 746 3
331 756 3
331 763 4
331 770 3
331 815 2
331 824 2
331 827 4
331 831 2
331 833 3
331 840 3
331 841 3
331 845 1
331 866 2
331 871 4
331 879 4
331 895 4
331 928 3
331 931 2
331 934 3
331 975 2
331 978 2
331 982 1
331 983 2
332 88 4
332 153 4
332 168 4
332 180 4
332 186 4
332 269 3
332 294 4
332 315 4
332 316 4
332 435 4
332 513 4
332 748 2
332 873 2
333 4 3
333 7 4
333 8 4
333 9 2
333 12 3
333 13 2
333 19 4
333 20 2
333 22 2
333 23 2
333 28 2
333 42 4
333 50 4
333 52 4
333 56 4
333 58 4
333 59 3
333 61 4
333 68 3
333 69 4
333 70 2
333 72 3
333 73 4
333 74 1
333 77 2
333 79 4
333 81 2
333 86 3
333 89 3
333 91 3
333 93 4
333 95 2
333 98 4
333 100 4
333 111 3
333 115 1
333 116 3
333 117 4
333 124 4
333 125 2
333 127 2
333 131 2
333 132 4
333 134 4
333 135 2
333 143 4
333 150 1
333 153 4
333 154 4
333 155 3
333 160 3
333 163 4
333 164 4
333 168 2
333 169 4
333 170 4
333 171 4
333 172 4
333 173 4
333 174 2
333 175 4
333 176 4
333 181 2
333 182 4
333 183 4
333 185 4
333 186 2
333 191 4
333 196 3
333 197 4
333 200 2
333 203 4
333 204 4
333 207 4
333 210 2
333 213 4
333 216 4
333 217 2
333 220 3
333 221 2
333 222 4
333 223 4
333 224 4
333 225 2
333 227 3
333 228 2
333 229 4
333 230 3
333 231 3
333 235 3
333 237 2
333 238 2
333 239 4
333 244 3
333 245 3
333 248 4
333 250 3
333 255 2
333 257 3
333 258 4
333 265 2
333 268 2
333 269 3
333 271 3
333 272 3
333 275 1
333 276 2
333 277 4
333 282 4
333 283 4
333 285 3
333 286 4
333 287 3
333 288 3
333 289 4
333 293 4
333 297 2
333 300 1
333 301 3
333 303 4
333 305 1
333 306 2
333 310 4
333 311 2
333 312 2
333 313 2
333 315 4
333 316 4
333 317 4
333 318 3
333 319 3
333 322 3
333 324 3
333 326 1
333 328 3
333 333 3
333 337 5
333 338 3
333 340 2
333 345 4
333 346 4
333 347 3
333 371 1
333 396 3
333 405 4
333 408 4
333 421 4
333 423 4
333 425 4
333 428 4
333 429 4
333 430 4
333 433 4
333 436 2
333 443 4
333 449 2
333 450 1
333 461 4
333 462 3
333 474 2
333 475 4
333 476 2
333 481 3
333 483 4
333 484 4
333 485 4
333 488 4
333 494 4
333 498 4
333 500 4
333 502 4
333 505 1
333 506 4
333 508 4
333 510 4
333 512 3
333 514 1
333 515 3
333 521 4
333 525 4
333 529 4
333 537 4
333 553 3
333 558 2
333 566 4
333 577 2
333 582 3
333 591 4
333 603 4
333 606 1
333 607 4
333 620 3
333 628 4
333 629 4
333 631 2
333 634 3
333 635 3
333 640 4
333 642 5
333 652 3
333 655 2
333 657 3
333 658 4
333 663 4
333 675 4
333 678 3
333 684 4
333 689 3
333 693 3
333 707 4
333 708 3
333 709 2
333 710 3
333 712 3
333 716 4
333 736 4
333 740 3
333 742 3
333 744 4
333 746 4
333 753 4
333 762 3
333 792 4
333 815 3
333 840 2
333 845 3
333 846 3
333 855 2
333 856 4
333 865 4
333 870 2
333 877 2
333 879 3
333 886 3
333 887 4
333 888 4
333 896 3
333 899 3
333 902 3
333 905 3
333 906 3
333 922 2
333 931 2
333 936 3
333 937 4
333 945 1
333 950 2
333 955 2
333 961 4
333 969 3
334 245 4
334 258 3
334 269 4
334 288 2
334 307 4
334 313 4
334 324 4
334 342 3
334 347 3
334 748 4
334 902 3
335 3 2
335 4 4
335 13 4
335 15 4
335 26 4
335 33 3
335 41 3
335 42 4
335 49 3
335 56 4
335 66 3
335 67 2
335 88 3
335 94 3
335 100 2
335 105 2
335 111 1
335 117 3
335 121 2
335 122 2
335 124 4
335 125 4
335 151 4
335 153 4
335 154 2
335 158 3
335 168 2
335 186 4
335 202 2
335 208 3
335 216 3
335 232 3
335 237 3
335 239 3
335 275 4
335 276 4
335 282 4
335 284 3
335 290 3
335 367 3
335 383 2
335 388 1
335 395 2
335 401 1
335 405 2
335 410 3
335 451 4
335 475 4
335 546 3
335 571 2
335 577 2
335 619 3
335 628 4
335 655 2
335 692 3
335 710 3
335 722 3
335 732 2
335 738 3
335 742 1
335 762 3
335 763 3
335 765 3
335 780 2
335 781 3
335 785 1
335 790 3
335 796 1
335 824 1
335 859 2
335 864 3
335 959 2
335 998 2
335 999 4
336 15 4
336 50 3
336 106 1
336 121 3
336 127 4
336 181 4
336 228 4
336 230 3
336 235 1
336 257 3
336 371 4
336 380 2
336 392 1
336 515 4
336 520 3
336 631 4
336 742 2
336 831 2
337 1 4
337 56 2
337 79 3
337 83 2
337 132 3
337 133 4
337 134 4
337 135 4
337 168 4
337 170 5
337 174 4
337 175 2
337 180 4
337 189 3
337 194 4
337 204 1
337 208 4
337 211 4
337 212 4
337 213 3
337 215 4
337 216 3
337 269 4
337 294 4
337 301 3
337 306 4
337 310 4
337 435 4
337 443 4
337 462 3
337 474 5
337 480 4
337 483 3
337 484 4
337 486 4
337 488 4
337 490 4
337 494 2
337 498 3
337 511 4
337 513 2
337 514 1
337 516 3
337 523 3
337 525 4
337 582 4
337 604 2
337 607 4
337 613 4
337 650 5
337 654 4
337 708 4
337 792 4
337 945 3
338 1 2
338 4 4
338 5 4
338 7 5
338 11 4
338 12 4
338 22 3
338 23 4
338 25 5
338 28 4
338 29 4
338 30 4
338 32 4
338 42 4
338 47 4
338 50 2
338 55 1
338 56 3
338 58 2
338 64 5
338 65 5
338 67 3
338 69 4
338 73 4
338 74 1
338 76 4
338 79 3
338 80 5
338 81 5
338 82 4
338 86 2
338 88 4
338 89 4
338 91 3
338 97 4
338 98 4
338 100 4
338 101 3
338 117 3
338 121 4
338 124 4
338 126 4
338 127 5
338 130 3
338 131 3
338 132 2
338 133 3
338 134 1
338 135 4
338 136 4
338 139 3
338 144 4
338 145 2
338 150 4
338 151 1
338 153 4
338 154 4
338 156 3
338 157 5
338 159 2
338 160 4
338 161 4
338 163 5
338 167 3
338 168 3
338 170 4
338 174 2
338 175 4
338 179 4
338 180 4
338 181 4
338 183 4
338 186 4
338 188 5
338 190 4
338 191 5
338 192 4
338 194 1
338 195 5
338 196 4
338 197 3
338 198 3
338 199 4
338 203 3
338 204 1
338 205 5
338 208 4
338 209 5
338 214 4
338 222 5
338 226 4
338 227 3
338 228 4
338 231 3
338 233 4
338 235 4
338 238 5
338 240 4
338 248 4
338 257 4
338 258 1
338 265 1
338 269 2
338 270 4
338 276 4
338 286 4
338 288 3
338 298 4
338 302 4
338 317 4
338 327 5
338 347 3
338 357 5
338 380 2
338 383 4
338 402 4
338 403 5
338 404 4
338 410 4
338 411 4
338 415 1
338 427 3
338 428 2
338 431 3
338 433 4
338 435 4
338 436 5
338 447 5
338 449 3
338 451 5
338 461 4
338 469 4
338 474 3
338 475 3
338 478 4
338 479 2
338 483 2
338 484 4
338 485 3
338 496 3
338 498 4
338 503 2
338 508 4
338 509 4
338 514 4
338 515 4
338 516 4
338 521 4
338 522 4
338 523 4
338 525 2
338 527 4
338 528 4
338 530 3
338 546 3
338 549 4
338 550 4
338 566 4
338 568 4
338 573 3
338 582 4
338 603 3
338 607 2
338 614 3
338 631 4
338 632 4
338 636 5
338 637 4
338 640 4
338 642 4
338 649 3
338 650 4
338 655 3
338 657 2
338 661 2
338 663 4
338 673 2
338 675 3
338 678 3
338 693 4
338 702 3
338 709 2
338 719 3
338 735 4
338 737 3
338 739 4
338 770 3
338 772 3
338 806 4
338 823 3
338 845 4
338 856 4
338 939 5
338 942 3
338 961 4
339 1 3
339 15 4
339 50 4
339 66 2
339 71 3
339 143 4
339 172 3
339 174 1
339 179 4
339 181 3
339 205 4
339 215 3
339 265 4
339 274 4
339 402 4
339 405 4
339 423 2
339 435 1
339 486 1
339 502 3
339 504 4
339 520 3
339 526 4
339 584 2
339 662 4
339 946 1
340 3 3
340 4 4
340 7 2
340 8 4
340 11 2
340 13 1
340 15 2
340 23 2
340 25 3
340 26 3
340 28 2
340 47 4
340 56 3
340 58 4
340 68 1
340 92 4
340 93 4
340 95 3
340 98 4
340 100 4
340 108 2
340 111 1
340 122 2
340 123 1
340 124 2
340 129 4
340 131 4
340 132 3
340 133 4
340 134 4
340 135 4
340 143 2
340 144 4
340 156 1
340 160 3
340 174 2
340 175 4
340 179 4
340 188 4
340 189 4
340 191 3
340 192 4
340 193 4
340 194 4
340 196 2
340 197 2
340 204 3
340 208 3
340 209 4
340 212 3
340 216 1
340 223 4
340 237 4
340 238 4
340 240 3
340 248 1
340 251 4
340 255 3
340 257 4
340 262 1
340 274 3
340 276 4
340 282 3
340 286 2
340 287 1
340 288 2
340 289 2
340 294 3
340 297 4
340 298 4
340 301 3
340 319 3
340 320 4
340 326 3
340 327 3
340 367 2
340 378 4
340 381 2
340 382 2
340 408 2
340 412 2
340 421 4
340 423 3
340 427 4
340 433 1
340 461 2
340 483 3
340 487 4
340 496 4
340 499 4
340 508 3
340 517 4
340 518 4
340 523 4
340 531 2
340 535 2
340 544 2
340 547 3
340 558 4
340 574 3
340 581 4
340 584 2
340 591 4
340 606 4
340 607 1
340 654 4
340 655 2
340 656 4
340 657 4
340 663 4
340 692 2
340 699 2
340 723 4
340 724 2
340 727 1
340 732 4
340 746 4
340 756 3
340 762 1
340 764 3
340 772 3
340 789 4
340 792 4
340 813 2
340 818 2
340 844 3
340 846 3
340 866 1
340 873 2
340 875 3
340 928 3
340 950 2
340 965 1
340 975 1
341 1 1
341 4 4
341 7 3
341 8 4
341 9 3
341 10 4
341 11 4
341 12 4
341 20 2
341 23 4
341 25 3
341 26 4
341 28 5
341 38 3
341 42 5
341 44 3
341 47 3
341 48 3
341 50 4
341 52 4
341 53 4
341 55 5
341 56 4
341 57 4
341 58 4
341 62 3
341 63 3
341 65 3
341 66 3
341 67 3
341 68 4
341 69 4
341 76 3
341 77 2
341 79 4
341 81 4
341 82 3
341 83 2
341 86 4
341 87 4
341 90 3
341 97 4
341 98 4
341 100 2
341 117 2
341 118 3
341 121 3
341 124 2
341 127 3
341 132 4
341 134 4
341 135 4
341 137 3
341 143 1
341 144 4
341 147 2
341 152 4
341 153 4
341 155 3
341 156 4
341 159 4
341 163 4
341 164 4
341 168 4
341 169 3
341 174 3
341 176 3
341 177 3
341 179 4
341 180 4
341 186 3
341 187 4
341 188 4
341 189 4
341 193 4
341 194 4
341 196 4
341 197 3
341 199 4
341 200 2
341 208 4
341 211 4
341 214 2
341 223 4
341 228 3
341 229 2
341 231 2
341 234 4
341 235 3
341 236 3
341 237 4
341 241 4
341 250 3
341 257 4
341 265 2
341 269 4
341 275 4
341 276 4
341 277 4
341 283 4
341 288 3
341 297 4
341 302 4
341 303 4
341 306 4
341 318 3
341 324 3
341 333 4
341 334 4
341 357 4
341 358 3
341 371 3
341 375 2
341 382 4
341 385 1
341 405 2
341 408 4
341 410 4
341 423 3
341 427 4
341 429 4
341 435 4
341 449 3
341 461 4
341 462 4
341 463 4
341 471 5
341 473 4
341 474 3
341 475 4
341 476 3
341 483 4
341 498 4
341 499 4
341 508 1
341 510 4
341 515 4
341 521 2
341 523 4
341 527 5
341 528 4
341 530 2
341 536 4
341 546 2
341 555 4
341 559 4
341 561 2
341 568 4
341 569 3
341 581 2
341 582 5
341 606 4
341 614 4
341 631 4
341 642 4
341 654 4
341 655 4
341 657 3
341 660 4
341 684 4
341 702 4
341 703 4
341 708 3
341 712 3
341 724 4
341 727 4
341 729 3
341 739 3
341 744 3
341 747 4
341 778 4
341 786 3
341 792 2
341 823 3
341 919 2
341 921 4
341 930 3
341 931 2
341 943 3
341 950 2
341 951 3
341 961 2
341 980 3
342 1 4
342 4 1
342 5 2
342 8 1
342 9 4
342 11 4
342 12 4
342 13 4
342 14 3
342 22 4
342 25 2
342 26 4
342 39 3
342 45 1
342 58 4
342 70 4
342 71 3
342 73 3
342 79 4
342 86 4
342 87 4
342 88 4
342 89 4
342 95 4
342 96 4
342 97 3
342 98 4
342 111 3
342 118 2
342 119 5
342 121 3
342 122 2
342 124 4
342 125 3
342 127 4
342 129 4
342 132 1
342 137 3
342 151 4
342 169 2
342 172 1
342 174 4
342 176 4
342 181 3
342 183 4
342 190 4
342 191 4
342 195 4
342 196 4
342 198 2
342 202 4
342 203 4
342 204 4
342 208 4
342 210 4
342 216 4
342 222 4
342 228 4
342 235 4
342 237 4
342 244 3
342 245 3
342 246 1
342 248 4
342 251 4
342 255 3
342 268 3
342 269 3
342 272 4
342 273 4
342 275 2
342 276 2
342 278 3
342 280 3
342 281 3
342 283 4
342 284 3
342 285 3
342 286 4
342 288 3
342 291 3
342 295 4
342 297 4
342 298 3
342 301 3
342 303 2
342 304 2
342 311 3
342 313 4
342 315 4
342 316 4
342 322 3
342 357 1
342 367 3
342 385 4
342 405 3
342 421 3
342 433 2
342 451 1
342 459 3
342 462 1
342 471 2
342 472 3
342 476 3
342 477 2
342 478 3
342 479 4
342 486 2
342 487 4
342 494 4
342 508 4
342 509 4
342 511 1
342 516 1
342 535 3
342 537 4
342 559 3
342 562 2
342 568 4
342 597 3
342 619 4
342 647 4
342 660 4
342 663 2
342 678 1
342 684 4
342 694 1
342 696 3
342 707 4
342 708 4
342 709 3
342 713 4
342 716 4
342 742 4
342 751 3
342 764 4
342 815 3
342 844 3
342 845 4
342 864 3
342 926 2
342 928 3
342 955 4
342 972 1
343 1 4
343 4 3
343 5 3
343 9 3
343 11 4
343 15 4
343 25 4
343 26 4
343 28 3
343 33 2
343 43 3
343 44 4
343 48 2
343 49 2
343 50 4
343 51 3
343 56 4
343 64 5
343 65 1
343 66 4
343 69 4
343 71 3
343 77 3
343 79 3
343 81 4
343 87 4
343 88 2
343 93 3
343 98 1
343 100 3
343 111 4
343 117 4
343 118 4
343 124 4
343 125 3
343 126 4
343 131 4
343 132 4
343 137 3
343 143 3
343 148 4
343 151 4
343 170 2
343 172 5
343 173 4
343 174 3
343 191 4
343 196 3
343 197 4
343 202 2
343 204 4
343 216 4
343 220 3
343 221 2
343 223 2
343 226 2
343 235 3
343 237 2
343 239 4
343 241 2
343 245 3
343 246 4
343 251 3
343 255 3
343 262 2
343 268 4
343 269 3
343 272 4
343 278 4
343 280 5
343 282 4
343 283 2
343 284 3
343 285 2
343 287 2
343 288 3
343 289 3
343 291 3
343 293 4
343 294 2
343 295 4
343 297 4
343 298 2
343 300 1
343 301 3
343 302 4
343 303 2
343 305 1
343 311 3
343 312 3
343 313 4
343 315 4
343 317 3
343 323 3
343 332 3
343 333 4
343 356 4
343 365 3
343 367 1
343 378 4
343 381 4
343 382 4
343 387 4
343 402 3
343 403 4
343 405 1
343 416 4
343 433 4
343 443 3
343 451 3
343 461 4
343 464 5
343 471 3
343 473 2
343 476 3
343 479 2
343 481 4
343 485 4
343 498 2
343 508 4
343 518 4
343 534 1
343 535 1
343 550 2
343 559 3
343 566 4
343 568 3
343 582 3
343 588 4
343 620 3
343 639 4
343 651 4
343 655 1
343 660 1
343 676 4
343 696 4
343 702 4
343 708 2
343 709 4
343 715 3
343 716 2
343 722 2
343 732 4
343 736 4
343 737 1
343 738 3
343 739 2
343 742 2
343 744 4
343 747 4
343 748 3
343 772 3
343 781 3
343 845 2
343 846 2
343 866 4
343 879 4
343 886 1
343 903 2
343 919 3
343 949 4
343 955 2
343 956 4
343 972 4
343 988 2
344 2 3
344 3 3
344 4 3
344 7 4
344 11 4
344 12 4
344 17 3
344 22 4
344 29 4
344 31 4
344 33 3
344 38 2
344 53 3
344 54 3
344 55 3
344 56 4
344 62 3
344 64 3
344 67 3
344 72 4
344 76 3
344 77 3
344 83 4
344 91 3
344 92 4
344 94 3
344 97 4
344 98 4
344 100 4
344 117 4
344 120 3
344 121 4
344 127 4
344 128 3
344 132 2
344 133 4
344 134 3
344 141 1
344 143 4
344 144 4
344 147 3
344 153 3
344 156 4
344 157 4
344 158 3
344 161 4
344 167 3
344 168 4
344 172 3
344 173 4
344 174 4
344 176 4
344 181 3
344 183 4
344 184 3
344 186 4
344 187 2
344 188 2
344 203 4
344 204 4
344 210 4
344 211 3
344 213 2
344 215 4
344 216 4
344 218 3
344 219 3
344 232 2
344 234 3
344 237 2
344 241 3
344 245 1
344 250 3
344 259 2
344 265 4
344 273 4
344 276 3
344 288 4
344 291 2
344 293 4
344 294 3
344 300 4
344 302 2
344 318 4
344 322 3
344 325 2
344 333 4
344 358 3
344 363 2
344 366 3
344 369 2
344 375 2
344 385 4
344 391 2
344 392 3
344 403 4
344 405 2
344 415 2
344 423 4
344 431 3
344 455 3
344 470 4
344 496 2
344 518 4
344 520 4
344 541 3
344 546 3
344 549 4
344 561 3
344 569 3
344 571 3
344 572 3
344 576 3
344 578 3
344 582 1
344 616 4
344 636 3
344 642 3
344 657 4
344 669 2
344 673 4
344 684 4
344 685 4
344 708 2
344 712 3
344 727 4
344 732 4
344 739 4
344 743 3
344 746 3
344 748 3
344 780 3
344 785 3
344 802 3
344 809 3
344 831 3
344 842 3
344 879 3
344 932 2
344 944 2
344 951 2
344 959 1
344 977 3
345 1 4
345 7 3
345 12 1
345 15 4
345 17 3
345 22 4
345 24 2
345 25 4
345 28 3
345 31 3
345 50 4
345 55 4
345 56 4
345 68 3
345 70 3
345 73 3
345 76 3
345 77 3
345 79 4
345 82 2
345 85 3
345 87 4
345 91 1
345 96 2
345 97 4
345 99 4
345 100 2
345 117 4
345 118 4
345 125 3
345 127 4
345 132 4
345 137 4
345 144 5
345 151 2
345 156 2
345 157 3
345 158 3
345 159 4
345 163 4
345 164 1
345 168 2
345 172 3
345 173 4
345 174 2
345 176 4
345 177 2
345 181 1
345 182 4
345 183 4
345 187 4
345 188 4
345 192 4
345 195 4
345 200 4
345 203 3
345 204 4
345 208 3
345 215 4
345 222 4
345 226 3
345 227 3
345 233 4
345 235 2
345 239 4
345 240 3
345 245 3
345 246 4
345 252 4
345 257 1
345 258 3
345 268 1
345 271 3
345 273 4
345 276 4
345 280 4
345 286 2
345 288 2
345 290 3
345 293 1
345 294 3
345 298 2
345 300 4
345 317 2
345 318 3
345 323 4
345 324 3
345 328 2
345 333 4
345 356 3
345 369 2
345 371 4
345 385 4
345 386 3
345 392 2
345 403 4
345 404 4
345 405 3
345 410 2
345 416 3
345 423 3
345 432 4
345 435 4
345 460 2
345 462 2
345 465 4
345 468 4
345 470 2
345 472 4
345 475 4
345 501 4
345 508 2
345 544 3
345 550 2
345 568 4
345 588 4
345 595 3
345 597 4
345 609 4
345 655 4
345 660 3
345 685 2
345 686 2
345 689 2
345 692 4
345 699 4
345 721 3
345 735 4
345 742 4
345 756 4
345 763 3
345 806 4
345 819 2
345 820 2
345 827 4
345 829 2
345 831 2
345 841 4
345 871 3
345 879 2
345 928 3
345 930 3
345 943 3
345 959 2
345 977 3
345 982 2
346 1 4
346 7 4
346 15 3
346 25 4
346 100 3
346 107 4
346 111 3
346 118 4
346 121 4
346 126 4
346 147 4
346 225 3
346 240 4
346 276 4
346 288 2
346 294 4
346 323 4
346 368 3
346 370 2
346 409 4
346 411 3
346 412 2
346 472 4
346 473 1
346 476 4
346 546 4
346 628 2
346 742 4
346 819 2
346 831 3
346 834 2
346 924 2
346 926 3
346 928 3
346 974 3
346 975 3
346 988 1
347 9 4
347 10 4
347 118 3
347 121 1
347 125 2
347 126 3
347 237 4
347 325 3
347 370 2
347 412 2
347 455 3
347 458 3
347 471 3
347 475 3
347 596 1
347 744 3
347 847 4
348 1 3
348 23 1
348 89 4
348 98 4
348 132 2
348 133 2
348 136 4
348 168 5
348 172 4
348 176 2
348 183 5
348 193 4
348 195 4
348 204 3
348 210 4
348 214 2
348 228 4
348 265 3
348 271 2
348 324 3
348 340 3
348 435 4
348 479 4
348 480 5
348 483 5
348 489 4
348 530 4
348 589 4
348 604 4
348 616 2
348 654 2
348 657 4
349 288 1
349 289 3
349 292 2
349 300 4
349 301 3
349 310 3
349 312 2
349 313 4
349 326 3
349 327 4
349 332 3
349 341 2
349 343 4
349 359 1
349 538 3
349 748 4
349 750 4
349 754 4
349 873 2
349 879 4
349 880 3
349 882 4
349 888 3
349 984 4
349 989 3
349 990 3
350 4 4
350 7 4
350 12 3
350 17 4
350 39 4
350 55 4
350 56 1
350 79 3
350 86 3
350 89 4
350 92 4
350 96 4
350 98 4
350 129 3
350 144 4
350 156 4
350 173 3
350 182 1
350 194 4
350 195 4
350 216 4
350 228 3
350 234 1
350 302 4
350 385 4
350 568 4
350 657 4
350 692 3
351 245 2
351 260 3
351 271 3
351 272 5
351 300 4
351 315 2
351 326 3
351 327 2
351 328 3
351 332 4
351 333 4
351 343 1
351 905 2
352 7 4
352 9 4
352 14 2
352 19 2
352 20 3
352 25 4
352 32 3
352 42 2
352 47 3
352 50 4
352 52 4
352 57 3
352 58 4
352 59 3
352 60 4
352 61 2
352 66 4
352 70 4
352 79 4
352 81 4
352 83 4
352 86 2
352 87 4
352 88 3
352 93 4
352 100 2
352 109 3
352 116 2
352 124 2
352 131 3
352 133 4
352 134 2
352 135 3
352 136 3
352 137 4
352 143 4
352 149 2
352 151 4
352 152 4
352 153 2
352 154 2
352 155 3
352 162 2
352 166 4
352 168 3
352 169 4
352 171 4
352 173 4
352 174 4
352 175 4
352 180 4
352 186 4
352 189 4
352 190 3
352 191 2
352 193 4
352 197 3
352 199 4
352 202 4
352 208 4
352 209 2
352 211 2
352 213 4
352 216 3
352 238 4
352 242 4
352 246 4
352 248 4
352 251 4
352 255 3
352 257 4
352 258 4
352 268 3
352 269 4
352 270 4
352 272 2
352 275 4
352 276 1
352 281 3
352 286 2
352 287 4
352 297 4
352 303 2
352 305 4
352 306 3
352 308 4
352 311 2
352 313 2
352 318 2
352 344 2
352 381 1
352 382 3
352 387 4
352 414 3
352 421 2
352 423 3
352 428 2
352 429 4
352 435 2
352 462 1
352 463 4
352 464 1
352 473 3
352 478 4
352 479 2
352 480 2
352 483 3
352 485 2
352 487 3
352 489 4
352 494 4
352 496 2
352 497 3
352 498 3
352 507 2
352 508 4
352 509 4
352 511 4
352 513 4
352 515 4
352 516 4
352 518 4
352 520 4
352 529 4
352 531 2
352 533 4
352 558 2
352 582 4
352 584 2
352 603 4
352 604 2
352 605 1
352 606 2
352 607 4
352 629 3
352 631 2
352 638 4
352 650 3
352 651 4
352 652 4
352 657 3
352 659 1
352 660 4
352 661 4
352 692 2
352 694 4
352 699 4
352 702 4
352 705 2
352 707 3
352 709 4
352 716 4
352 732 4
352 733 4
352 735 4
352 736 2
352 737 3
352 740 2
352 753 3
352 792 4
352 811 4
352 847 1
352 855 3
352 863 3
352 865 4
352 882 4
352 889 3
352 900 2
352 904 4
352 929 1
352 953 1
352 956 4
352 958 5
352 962 2
353 242 3
353 264 4
353 288 3
353 300 3
353 328 4
353 329 4
353 360 3
353 681 4
353 882 4
354 272 1
354 292 2
354 313 2
354 316 2
354 326 2
354 328 3
354 333 3
354 689 3
354 748 2
355 1 3
355 7 3
355 10 5
355 24 3
355 105 2
355 117 4
355 118 5
355 123 3
355 125 4
355 126 4
355 147 5
355 150 4
355 151 4
355 220 3
355 222 4
355 245 4
355 258 4
355 270 2
355 273 4
355 274 4
355 275 4
355 280 3
355 284 3
355 291 3
355 322 1
355 326 4
355 334 2
355 405 3
355 407 2
355 411 2
355 455 4
355 456 2
355 471 4
355 472 3
355 473 3
355 476 3
355 546 4
355 595 2
355 687 2
355 713 2
355 742 4
355 744 5
355 760 2
355 819 2
355 820 2
355 831 2
355 833 2
355 866 4
355 932 5
355 977 4
355 984 3
356 8 4
356 65 1
356 127 2
356 132 4
356 174 4
356 179 3
356 213 2
356 268 4
356 318 1
356 324 3
356 357 2
356 511 1
356 582 4
356 584 2
356 638 2
356 639 3
356 643 4
356 855 4
356 896 3
357 7 3
357 117 4
357 118 4
357 181 4
357 250 3
357 268 3
357 270 4
357 298 3
357 313 3
357 323 3
357 405 3
357 472 3
357 748 3
357 751 3
357 831 3
358 1 2
358 10 2
358 13 4
358 14 2
358 25 4
358 28 4
358 45 4
358 50 3
358 64 4
358 79 4
358 100 3
358 116 3
358 124 2
358 127 4
358 134 2
358 157 4
358 165 4
358 166 4
358 170 2
358 174 3
358 181 3
358 187 3
358 191 2
358 194 3
358 195 4
358 197 4
358 205 4
358 207 4
358 210 4
358 222 3
358 237 4
358 238 1
358 242 4
358 251 4
358 269 2
358 271 1
358 275 2
358 283 4
358 284 2
358 286 4
358 297 3
358 302 4
358 304 1
358 306 4
358 308 3
358 309 1
358 321 3
358 326 3
358 328 3
358 357 4
358 423 2
358 479 4
358 483 2
358 496 4
358 511 3
358 521 1
358 523 4
358 531 3
358 582 4
358 588 4
358 654 4
358 661 3
358 735 4
358 744 4
358 748 4
358 845 3
358 933 1
358 936 5
358 963 4
359 12 4
359 14 4
359 23 2
359 26 3
359 49 2
359 53 3
359 55 4
359 56 4
359 59 3
359 60 4
359 66 2
359 70 4
359 79 4
359 83 2
359 88 4
359 90 3
359 97 4
359 98 3
359 100 3
359 111 3
359 129 4
359 148 3
359 150 4
359 156 4
359 165 1
359 166 4
359 168 4
359 170 1
359 173 4
359 176 1
359 178 4
359 183 4
359 185 3
359 186 4
359 190 4
359 197 4
359 203 2
359 204 4
359 207 4
359 212 4
359 213 2
359 218 4
359 222 5
359 228 4
359 234 1
359 237 4
359 238 4
359 258 4
359 269 4
359 273 4
359 274 4
359 276 4
359 286 4
359 333 4
359 340 3
359 387 4
359 421 2
359 430 4
359 435 2
359 451 4
359 466 3
359 475 2
359 498 4
359 502 4
359 504 2
359 514 4
359 517 4
359 524 4
359 525 1
359 531 4
359 639 4
359 652 4
359 654 2
359 655 4
359 657 4
359 659 4
359 673 4
359 684 4
359 694 3
359 707 4
359 709 4
359 727 4
359 737 3
359 739 4
359 742 4
359 762 3
359 770 3
359 794 3
359 934 2
359 949 3
360 245 2
360 268 4
360 302 2
360 312 2
360 313 3
360 323 1
360 333 4
360 336 3
360 689 4
361 1 2
361 2 2
361 4 2
361 5 3
361 7 1
361 9 2
361 11 3
361 22 1
361 29 3
361 32 4
361 37 2
361 38 3
361 44 4
361 47 4
361 50 1
361 54 3
361 55 4
361 56 4
361 58 2
361 62 2
361 65 4
361 66 3
361 67 3
361 68 3
361 69 4
361 70 4
361 71 4
361 72 1
361 73 2
361 79 2
361 81 4
361 82 4
361 87 4
361 88 2
361 89 4
361 90 1
361 91 1
361 93 2
361 95 2
361 96 1
361 97 4
361 98 1
361 101 3
361 102 3
361 114 1
361 117 2
361 120 2
361 121 3
361 128 3
361 134 1
361 137 2
361 143 4
361 144 3
361 145 2
361 151 4
361 152 4
361 154 1
361 155 3
361 156 4
361 159 2
361 161 2
361 164 3
361 169 4
361 172 4
361 173 2
361 174 1
361 179 4
361 182 3
361 183 4
361 184 4
361 185 4
361 186 4
361 187 1
361 188 4
361 189 4
361 193 4
361 195 4
361 196 1
361 200 4
361 201 1
361 204 4
361 206 3
361 208 4
361 210 2
361 212 1
361 215 4
361 216 4
361 218 3
361 222 2
361 226 3
361 227 3
361 228 2
361 229 2
361 231 3
361 234 2
361 235 3
361 237 4
361 248 4
361 250 1
361 258 3
361 265 3
361 270 2
361 271 3
361 282 4
361 283 2
361 284 3
361 288 3
361 290 3
361 293 2
361 307 3
361 315 4
361 316 4
361 317 3
361 322 3
361 325 3
361 328 1
361 336 3
361 346 4
361 347 3
361 350 2
361 351 3
361 366 4
361 370 3
361 380 4
361 387 4
361 391 3
361 393 4
361 402 4
361 403 4
361 405 1
361 408 4
361 417 3
361 423 4
361 426 1
361 428 4
361 431 3
361 433 4
361 435 4
361 443 1
361 444 3
361 448 3
361 449 1
361 451 2
361 461 4
361 469 4
361 472 3
361 473 3
361 474 4
361 505 4
361 506 4
361 511 2
361 518 2
361 523 4
361 531 4
361 546 1
361 550 4
361 552 3
361 554 1
361 555 4
361 557 1
361 559 3
361 561 3
361 566 4
361 568 4
361 569 3
361 571 2
361 572 3
361 575 2
361 578 1
361 588 4
361 590 1
361 597 1
361 603 4
361 616 4
361 625 2
361 631 4
361 640 3
361 650 4
361 651 4
361 653 4
361 657 4
361 658 4
361 660 4
361 665 3
361 673 4
361 675 4
361 678 3
361 679 3
361 682 1
361 685 3
361 691 2
361 698 2
361 699 4
361 707 4
361 709 4
361 710 1
361 719 5
361 735 1
361 741 4
361 742 4
361 746 4
361 747 4
361 752 1
361 760 3
361 761 3
361 767 1
361 774 4
361 778 4
361 792 2
361 802 3
361 805 3
361 809 3
361 816 3
361 825 3
361 831 2
361 849 2
361 854 4
361 859 2
361 895 3
361 906 2
361 919 4
361 933 3
361 940 1
361 946 1
361 959 4
361 979 3
362 289 3
362 302 4
362 321 4
362 875 3
362 948 4
362 988 2
363 1 1
363 7 2
363 15 3
363 25 1
363 100 3
363 109 3
363 124 3
363 125 3
363 137 2
363 150 2
363 222 3
363 235 1
363 258 4
363 268 3
363 271 2
363 272 2
363 275 2
363 276 3
363 277 3
363 287 1
363 288 2
363 289 3
363 294 2
363 301 3
363 309 2
363 315 4
363 316 4
363 321 3
363 340 4
363 352 3
363 473 3
363 591 4
363 742 4
363 762 2
363 813 2
363 894 1
363 895 3
363 908 1
364 53 5
364 56 1
364 98 4
364 184 3
364 200 5
364 201 5
364 217 5
364 219 4
364 234 4
364 443 4
364 445 3
364 559 5
364 573 3
364 671 3
364 672 5
364 853 5
364 860 4
365 7 3
365 17 4
365 50 4
365 53 4
365 98 4
365 100 4
365 145 2
365 164 3
365 176 2
365 183 4
365 184 2
365 200 3
365 201 4
365 218 3
365 234 4
365 250 3
365 258 3
365 288 3
365 302 4
365 324 3
365 326 3
365 333 3
365 334 2
365 379 3
365 406 3
365 413 3
365 436 4
365 443 4
365 448 2
365 452 3
365 551 4
365 563 2
365 564 2
365 665 1
365 670 3
365 672 3
365 760 4
365 769 2
365 774 2
365 800 4
365 919 4
366 11 3
366 17 2
366 56 4
366 89 4
366 96 3
366 98 3
366 100 4
366 127 4
366 183 4
366 184 3
366 201 3
366 217 1
366 218 3
366 219 2
366 234 4
366 292 4
366 313 2
366 320 2
366 379 2
366 396 2
366 567 3
366 672 3
366 774 2
366 777 3
367 50 4
367 114 3
367 168 4
367 172 4
367 181 4
367 271 3
367 316 4
367 358 3
367 751 3
367 988 2
368 12 2
368 22 4
368 31 3
368 50 3
368 52 4
368 64 3
368 98 2
368 100 3
368 107 4
368 114 5
368 116 4
368 135 4
368 136 4
368 153 1
368 172 4
368 174 4
368 175 4
368 176 3
368 181 3
368 193 2
368 195 2
368 199 2
368 209 3
368 210 3
368 238 4
368 257 4
368 265 4
368 269 4
368 285 3
368 322 3
368 423 3
368 425 3
368 433 2
368 435 2
368 443 2
368 480 4
368 484 1
368 493 1
368 494 3
368 497 4
368 514 2
368 525 4
368 603 4
368 604 2
368 607 2
368 608 1
368 613 4
368 631 4
368 657 4
368 659 4
368 661 2
368 678 3
368 705 3
368 923 2
369 1 2
369 22 4
369 55 3
369 64 5
369 69 3
369 77 3
369 79 4
369 97 1
369 98 3
369 174 4
369 177 4
369 179 2
369 180 4
369 181 3
369 185 4
369 186 4
369 194 3
369 197 4
369 210 3
369 234 3
369 265 2
369 357 4
369 393 4
369 423 3
369 435 1
369 443 3
369 449 2
369 452 3
369 504 2
369 527 4
369 655 4
369 663 4
369 746 3
370 5 4
370 23 4
370 44 4
370 56 4
370 79 4
370 129 4
370 159 4
370 164 4
370 176 4
370 183 1
370 185 4
370 200 4
370 201 3
370 218 4
370 262 4
370 286 4
370 288 3
370 299 4
370 325 4
370 327 5
370 333 4
370 436 2
370 441 2
370 443 4
370 447 4
370 448 3
370 452 1
370 547 2
370 559 3
370 561 4
370 574 3
370 581 4
370 595 3
370 628 4
370 635 1
370 637 3
370 672 3
370 674 2
370 678 3
370 696 4
370 874 3
370 875 3
371 2 3
371 4 4
371 12 4
371 15 3
371 20 3
371 22 2
371 24 3
371 25 4
371 31 2
371 48 4
371 50 2
371 58 2
371 64 2
371 66 3
371 68 3
371 70 4
371 80 2
371 81 2
371 82 3
371 83 2
371 89 3
371 90 3
371 94 1
371 95 4
371 96 1
371 97 4
371 99 3
371 100 4
371 102 3
371 105 2
371 110 2
371 114 4
371 117 3
371 127 3
371 132 3
371 136 2
371 139 3
371 142 3
371 143 3
371 144 2
371 150 4
371 151 3
371 154 4
371 155 3
371 156 3
371 161 3
371 162 2
371 163 1
371 165 3
371 166 4
371 169 4
371 172 3
371 173 2
371 175 4
371 177 1
371 179 4
371 180 4
371 181 3
371 184 3
371 189 1
371 194 2
371 195 3
371 196 2
371 197 3
371 202 2
371 204 2
371 206 4
371 208 4
371 209 4
371 210 3
371 211 4
371 213 3
371 214 3
371 215 1
371 217 3
371 225 2
371 226 3
371 228 4
371 230 3
371 232 3
371 239 3
371 241 2
371 259 1
371 269 4
371 275 4
371 278 3
371 281 4
371 286 3
371 290 3
371 318 3
371 357 4
371 366 4
371 378 2
371 380 4
371 382 4
371 385 3
371 386 2
371 389 3
371 390 4
371 392 3
371 393 2
371 399 3
371 401 3
371 402 4
371 403 3
371 404 4
371 409 3
371 414 4
371 417 1
371 418 2
371 420 2
371 421 4
371 423 3
371 427 4
371 431 4
371 433 3
371 435 4
371 451 3
371 472 4
371 474 4
371 480 2
371 485 3
371 487 2
371 488 1
371 494 4
371 496 3
371 497 4
371 499 3
371 506 4
371 510 3
371 520 3
371 527 4
371 550 4
371 553 3
371 559 3
371 566 2
371 568 3
371 571 1
371 577 2
371 588 4
371 596 3
371 598 1
371 603 4
371 627 2
371 633 3
371 645 4
371 648 4
371 649 2
371 651 4
371 655 2
371 658 2
371 660 4
371 679 3
371 694 4
371 699 2
371 704 4
371 705 2
371 709 4
371 715 3
371 724 4
371 727 4
371 729 4
371 732 2
371 746 3
371 747 4
371 748 2
371 756 2
371 778 2
371 828 2
371 842 2
371 843 4
371 849 2
371 941 3
371 946 3
371 949 3
372 1 2
372 2 3
372 5 1
372 7 4
372 9 4
372 11 4
372 15 2
372 17 3
372 23 4
372 24 3
372 28 4
372 29 3
372 39 1
372 48 4
372 50 3
372 56 4
372 64 4
372 66 4
372 68 3
372 69 4
372 70 4
372 71 2
372 77 4
372 89 4
372 95 4
372 97 4
372 98 2
372 100 2
372 106 2
372 111 4
372 116 4
372 118 4
372 120 2
372 121 3
372 122 2
372 123 4
372 124 3
372 125 4
372 126 2
372 127 4
372 129 4
372 135 4
372 143 4
372 144 2
372 147 4
372 148 1
372 150 4
372 151 2
372 156 4
372 159 3
372 161 2
372 162 4
372 168 4
372 172 4
372 173 4
372 174 4
372 176 2
372 185 4
372 186 3
372 192 4
372 195 4
372 197 3
372 200 4
372 202 4
372 204 4
372 210 4
372 216 4
372 218 4
372 222 4
372 223 4
372 225 2
372 226 3
372 228 4
372 229 3
372 230 3
372 231 4
372 233 4
372 234 4
372 235 1
372 237 4
372 240 3
372 247 3
372 248 1
372 252 3
372 254 2
372 257 4
372 265 2
372 279 3
372 280 3
372 282 4
372 284 3
372 289 4
372 291 3
372 310 4
372 322 1
372 323 3
372 356 4
372 363 2
372 369 2
372 385 1
372 393 4
372 403 4
372 405 3
372 412 2
372 423 4
372 424 2
372 427 4
372 449 3
372 450 2
372 454 2
372 458 3
372 463 4
372 465 4
372 466 3
372 467 2
372 468 4
372 475 4
372 476 2
372 483 4
372 521 4
372 527 4
372 540 2
372 544 3
372 550 4
372 552 3
372 554 3
372 558 4
372 566 5
372 568 3
372 572 3
372 576 3
372 581 4
372 591 3
372 619 3
372 620 3
372 628 3
372 637 3
372 642 4
372 651 2
372 665 3
372 685 2
372 692 2
372 696 3
372 717 2
372 741 2
372 742 4
372 743 2
372 756 2
372 758 2
372 761 1
372 762 4
372 763 3
372 770 3
372 789 4
372 815 3
372 819 2
372 820 2
372 824 4
372 832 2
372 844 1
372 845 3
372 846 3
372 872 2
372 880 3
372 924 2
372 928 3
372 930 3
372 931 2
372 932 2
372 934 3
372 948 1
372 952 3
372 974 3
372 975 3
372 977 3
372 978 2
372 979 2
372 986 2
373 5 3
373 39 2
373 77 2
373 176 4
373 183 4
373 185 4
373 218 3
373 233 4
373 288 3
373 300 4
373 443 4
373 583 3
373 684 4
373 761 2
374 11 1
374 14 3
374 98 2
374 154 2
374 181 3
374 197 2
374 198 3
374 223 4
374 237 3
374 246 2
374 268 2
374 274 4
374 275 1
374 289 3
374 301 3
374 603 3
374 762 3
375 56 3
375 98 3
375 100 4
375 164 1
375 168 4
375 173 2
375 194 4
375 219 2
375 234 4
375 258 3
375 268 4
375 288 3
375 313 3
375 316 1
375 323 3
375 354 3
375 443 4
375 508 4
375 895 3
376 1 2
376 2 3
376 4 4
376 5 2
376 7 4
376 8 4
376 9 4
376 10 4
376 11 4
376 12 1
376 13 4
376 14 4
376 15 2
376 21 2
376 22 3
376 28 1
376 29 3
376 31 3
376 40 2
376 42 4
376 43 4
376 48 4
376 49 1
376 50 4
376 52 4
376 53 3
376 54 1
376 58 1
376 59 4
376 62 3
376 63 1
376 65 4
376 66 3
376 68 1
376 70 2
376 73 3
376 77 3
376 79 4
376 86 4
376 87 2
376 88 4
376 89 4
376 91 3
376 94 3
376 95 3
376 99 3
376 100 4
376 106 3
376 110 2
376 111 3
376 117 2
376 121 2
376 123 3
376 125 4
376 126 4
376 132 4
376 133 2
376 135 4
376 141 4
376 143 2
376 144 4
376 148 3
376 151 4
376 153 3
376 155 1
376 157 4
376 159 4
376 161 2
376 162 3
376 167 3
376 172 4
376 173 4
376 174 4
376 175 4
376 176 4
376 179 4
376 180 2
376 181 4
376 182 4
376 186 4
376 191 2
376 194 4
376 195 4
376 196 4
376 197 4
376 200 4
376 202 4
376 203 2
376 207 4
376 210 2
376 213 2
376 215 2
376 217 3
376 218 1
376 220 2
376 222 2
376 223 4
376 226 3
376 227 2
376 230 2
376 233 4
376 234 4
376 235 3
376 237 3
376 239 2
376 241 3
376 245 2
376 248 2
376 252 3
376 254 2
376 255 4
376 257 4
376 258 4
376 269 2
376 272 4
376 273 4
376 274 4
376 275 4
376 276 2
376 277 3
376 280 2
376 281 3
376 282 1
376 283 4
376 284 3
376 285 1
376 286 4
376 288 3
376 289 1
376 294 3
376 295 3
376 298 4
376 300 4
376 301 3
376 302 2
376 304 1
376 317 4
376 318 4
376 319 3
376 321 3
376 326 1
376 328 3
376 356 2
376 365 3
376 367 1
376 380 1
376 381 4
376 382 4
376 385 4
376 386 3
376 387 4
376 392 3
376 393 3
376 396 3
376 401 3
376 403 4
376 404 3
376 405 3
376 409 3
376 410 3
376 411 3
376 417 1
376 418 4
376 419 2
376 420 1
376 423 4
376 432 4
376 435 4
376 447 4
376 449 1
376 450 2
376 451 4
376 458 3
376 465 4
376 469 4
376 471 4
376 476 2
376 479 4
376 482 4
376 485 4
376 496 3
376 500 4
376 501 3
376 508 4
376 509 4
376 517 4
376 527 4
376 528 4
376 542 3
376 546 2
376 549 4
376 554 3
376 559 3
376 566 4
376 568 4
376 572 3
376 575 2
376 576 3
376 582 4
376 591 4
376 596 3
376 597 3
376 619 2
376 620 3
376 623 2
376 629 1
376 631 4
376 632 2
376 635 3
376 636 3
376 651 4
376 655 4
376 663 4
376 665 3
376 674 4
376 686 4
376 692 4
376 693 3
376 694 2
376 702 4
376 703 4
376 707 3
376 708 4
376 709 4
376 715 3
376 716 4
376 720 2
376 722 2
376 724 4
376 727 4
376 729 4
376 731 3
376 732 4
376 734 3
376 736 4
376 742 1
376 744 4
376 747 4
376 755 1
376 756 3
376 762 1
376 768 3
376 778 4
376 780 3
376 787 2
376 792 4
376 793 3
376 796 3
376 806 4
376 807 1
376 845 4
376 866 2
376 875 3
376 896 1
376 918 4
376 921 4
376 924 1
376 926 2
376 928 3
376 930 3
376 939 4
376 942 4
376 951 2
376 959 2
376 961 4
376 969 3
376 972 4
376 977 2
376 979 3
377 1 4
377 2 3
377 4 4
377 8 4
377 9 5
377 12 3
377 23 4
377 50 4
377 52 4
377 54 3
377 56 5
377 62 3
377 63 3
377 64 3
377 69 4
377 79 4
377 82 4
377 83 4
377 88 4
377 89 4
377 90 2
377 93 5
377 96 4
377 98 4
377 100 3
377 116 3
377 124 5
377 131 4
377 133 5
377 135 5
377 141 2
377 144 2
377 152 4
377 153 4
377 157 2
377 158 2
377 161 4
377 163 4
377 164 4
377 168 4
377 172 4
377 173 3
377 176 4
377 177 5
377 178 4
377 179 4
377 183 4
377 186 5
377 188 4
377 191 4
377 192 4
377 193 4
377 194 4
377 195 5
377 196 3
377 200 4
377 202 4
377 203 4
377 204 4
377 205 4
377 208 5
377 210 4
377 211 4
377 216 3
377 219 3
377 227 4
377 230 4
377 233 4
377 238 2
377 239 2
377 257 4
377 270 3
377 271 3
377 284 3
377 285 4
377 294 3
377 300 4
377 306 4
377 310 4
377 331 3
377 339 3
377 357 4
377 372 4
377 381 4
377 383 2
377 385 2
377 391 5
377 393 4
377 395 2
377 401 3
377 402 4
377 405 3
377 414 4
377 417 3
377 419 4
377 427 2
377 428 4
377 434 2
377 436 4
377 443 2
377 447 4
377 448 1
377 451 4
377 452 3
377 461 4
377 480 4
377 496 2
377 504 5
377 511 5
377 514 3
377 516 4
377 517 4
377 520 2
377 522 4
377 523 4
377 527 4
377 528 4
377 529 4
377 530 4
377 554 1
377 559 5
377 563 2
377 566 1
377 568 4
377 575 2
377 576 5
377 603 4
377 616 3
377 622 2
377 636 1
377 637 3
377 644 2
377 649 4
377 651 4
377 655 3
377 659 4
377 674 3
377 684 4
377 686 5
377 701 4
377 704 5
377 705 5
377 710 3
377 712 3
377 729 3
377 732 4
377 735 4
377 736 2
377 746 2
377 842 3
377 855 4
378 1 4
378 7 1
378 12 4
378 22 3
378 28 2
378 31 2
378 38 1
378 58 4
378 59 4
378 60 4
378 61 4
378 62 3
378 64 2
378 69 1
378 71 4
378 81 3
378 95 3
378 98 4
378 100 1
378 109 2
378 114 5
378 118 2
378 121 4
378 132 2
378 134 3
378 139 3
378 152 4
378 154 2
378 161 2
378 163 2
378 168 4
378 170 4
378 172 2
378 176 4
378 177 4
378 180 4
378 181 4
378 183 2
378 185 3
378 186 4
378 190 2
378 194 4
378 197 3
378 208 3
378 213 4
378 215 2
378 217 2
378 222 2
378 228 1
378 229 1
378 238 4
378 241 3
378 258 4
378 265 2
378 270 2
378 306 1
378 313 4
378 315 4
378 340 3
378 356 3
378 357 2
378 382 4
378 414 4
378 416 3
378 419 2
378 423 3
378 425 4
378 427 4
378 428 1
378 435 2
378 443 3
378 449 3
378 462 4
378 463 4
378 465 2
378 474 2
378 479 4
378 483 2
378 502 2
378 506 2
378 512 1
378 515 4
378 518 4
378 521 4
378 527 3
378 529 4
378 530 2
378 549 3
378 561 3
378 566 4
378 570 4
378 573 1
378 582 4
378 587 3
378 614 3
378 629 4
378 630 3
378 631 2
378 651 2
378 652 1
378 654 2
378 663 4
378 664 4
378 665 2
378 670 3
378 684 2
378 699 3
378 708 4
378 712 3
378 729 4
378 732 4
378 736 3
378 744 3
378 750 4
378 751 3
378 753 3
378 770 3
378 856 4
378 923 4
378 956 4
378 959 4
379 1 3
379 13 4
379 14 1
379 15 2
379 16 3
379 20 3
379 30 4
379 50 1
379 59 4
379 77 3
379 79 2
379 83 2
379 89 3
379 94 3
379 95 4
379 97 4
379 99 2
379 100 2
379 102 3
379 121 4
379 129 2
379 132 3
379 133 3
379 134 3
379 135 4
379 139 3
379 150 3
379 151 4
379 175 4
379 178 1
379 191 4
379 212 1
379 214 3
379 216 4
379 217 3
379 228 4
379 259 3
379 276 2
379 281 1
379 294 1
379 303 4
379 304 3
379 318 3
379 344 4
379 378 4
379 418 4
379 443 4
379 459 3
379 462 2
379 473 3
379 479 4
379 485 4
379 487 4
379 493 5
379 495 3
379 498 4
379 501 4
379 509 4
379 517 4
379 525 2
379 526 4
379 529 4
379 582 2
379 607 4
379 631 4
379 634 3
379 640 3
379 647 3
379 652 2
379 656 2
379 657 4
379 660 3
379 673 1
379 682 3
379 693 2
379 705 4
379 724 4
379 742 4
379 771 2
379 778 4
379 855 4
379 887 1
379 898 3
379 914 2
379 931 2
379 934 2
379 961 4
379 995 3
380 7 4
380 9 3
380 23 4
380 50 4
380 56 3
380 98 3
380 100 4
380 122 2
380 127 2
380 134 3
380 135 2
380 137 4
380 150 3
380 171 4
380 177 4
380 180 4
380 183 3
380 258 4
380 276 4
380 290 3
380 332 1
380 475 4
380 481 4
380 482 4
380 507 4
380 508 3
380 531 1
380 717 2
381 14 4
381 19 4
381 58 4
381 81 4
381 86 2
381 89 2
381 100 3
381 134 5
381 135 5
381 137 5
381 180 5
381 193 4
381 197 2
381 203 4
381 205 4
381 223 4
381 237 5
381 238 4
381 268 4
381 272 4
381 285 4
381 302 4
381 315 3
381 319 3
381 321 3
381 345 2
381 357 3
381 425 2
381 427 1
381 435 5
381 464 5
381 474 4
381 475 4
381 478 4
381 479 2
381 480 2
381 483 4
381 484 4
381 496 4
381 505 4
381 514 4
381 531 4
381 603 4
381 639 4
381 641 3
381 657 4
382 272 4
382 289 3
382 302 4
382 316 4
382 327 4
382 343 4
382 355 3
382 751 3
382 989 4
383 4 1
383 8 1
383 12 4
383 18 2
383 24 3
383 29 3
383 32 2
383 37 2
383 42 2
383 47 4
383 48 1
383 50 1
383 53 3
383 56 2
383 58 1
383 59 2
383 61 4
383 79 4
383 81 2
383 82 4
383 87 1
383 89 4
383 93 2
383 98 4
383 99 3
383 111 1
383 114 5
383 122 2
383 127 4
383 128 3
383 129 4
383 131 4
383 133 2
383 134 4
383 135 4
383 136 4
383 143 4
383 144 4
383 145 2
383 151 1
383 152 3
383 153 1
383 168 1
383 169 4
383 171 4
383 172 1
383 173 4
383 174 1
383 175 2
383 177 3
383 180 2
383 181 4
383 183 1
383 186 4
383 187 4
383 189 4
383 191 4
383 192 4
383 194 4
383 195 1
383 199 2
383 200 2
383 207 4
383 208 2
383 209 4
383 211 1
383 216 1
383 217 3
383 218 4
383 219 3
383 221 1
383 224 4
383 235 2
383 236 3
383 238 4
383 249 1
383 250 1
383 253 4
383 254 2
383 256 2
383 257 4
383 262 3
383 273 1
383 276 4
383 283 2
383 285 1
383 286 1
383 290 2
383 293 4
383 304 3
383 305 2
383 318 1
383 320 4
383 325 2
383 337 1
383 340 2
383 346 2
383 347 1
383 367 3
383 383 2
383 385 2
383 403 2
383 405 3
383 408 4
383 417 3
383 419 4
383 423 4
383 425 1
383 427 4
383 428 3
383 429 4
383 430 4
383 433 4
383 435 2
383 443 1
383 447 2
383 451 4
383 455 3
383 458 2
383 461 4
383 462 4
383 473 3
383 474 1
383 479 4
383 480 2
383 482 4
383 483 2
383 485 4
383 486 4
383 487 4
383 489 4
383 492 1
383 496 2
383 498 3
383 500 4
383 502 2
383 503 4
383 506 3
383 507 4
383 508 3
383 511 3
383 512 1
383 520 1
383 521 4
383 523 4
383 524 4
383 525 3
383 526 4
383 529 4
383 557 2
383 603 4
383 604 4
383 606 4
383 616 2
383 631 2
383 650 1
383 652 1
383 653 4
383 654 2
383 657 4
383 658 4
383 659 2
383 661 4
383 663 4
383 664 4
383 673 4
383 674 1
383 675 2
383 705 2
383 719 4
383 727 2
383 732 4
383 739 4
383 745 3
383 794 3
383 851 5
383 855 1
383 865 4
383 871 1
383 896 3
383 900 4
383 919 2
383 922 3
383 940 2
383 942 3
383 945 2
383 959 2
383 961 4
383 965 1
384 24 4
384 50 3
384 121 3
384 222 4
384 273 2
384 455 3
384 685 3
384 825 4
384 833 4
384 840 2
385 2 3
385 4 4
385 7 3
385 8 4
385 10 4
385 11 4
385 13 2
385 20 2
385 22 3
385 23 4
385 24 1
385 27 3
385 31 3
385 32 4
385 33 3
385 39 3
385 47 4
385 48 4
385 50 3
385 52 4
385 55 2
385 56 2
385 58 4
385 61 1
385 62 1
385 64 1
385 68 3
385 71 4
385 76 3
385 79 2
385 81 2
385 82 4
385 83 4
385 89 5
385 91 2
385 92 4
385 93 4
385 96 2
385 97 3
385 98 4
385 99 4
385 101 3
385 102 3
385 113 5
385 114 5
385 116 4
385 117 3
385 121 1
385 123 3
385 127 4
385 129 4
385 133 4
385 135 4
385 136 4
385 144 2
385 147 3
385 151 3
385 152 3
385 156 4
385 161 2
385 168 4
385 169 2
385 176 2
385 180 4
385 181 1
385 182 1
385 183 2
385 184 2
385 186 2
385 187 4
385 189 4
385 190 2
385 192 4
385 193 1
385 194 3
385 195 3
385 196 3
385 197 4
385 198 2
385 200 4
385 201 3
385 202 3
385 203 4
385 205 4
385 206 3
385 208 3
385 209 4
385 210 1
385 211 4
385 215 4
385 217 3
385 218 4
385 219 3
385 222 2
385 223 1
385 224 4
385 226 2
385 228 4
385 229 3
385 230 3
385 231 3
385 233 4
385 238 4
385 241 4
385 246 4
385 248 3
385 250 3
385 258 3
385 265 3
385 268 2
385 273 4
385 277 3
385 288 3
385 289 1
385 293 4
385 294 3
385 295 4
385 298 4
385 317 3
385 318 3
385 319 3
385 320 4
385 321 3
385 325 3
385 333 4
385 357 4
385 380 2
385 381 1
385 385 4
385 393 4
385 403 4
385 410 2
385 414 2
385 418 4
385 423 4
385 428 2
385 429 4
385 430 4
385 431 3
385 432 4
385 435 4
385 436 2
385 441 2
385 444 2
385 446 3
385 447 4
385 448 3
385 455 2
385 458 3
385 461 4
385 463 3
385 473 3
385 474 4
385 475 4
385 477 3
385 488 4
385 496 1
385 508 4
385 511 4
385 514 4
385 515 4
385 520 2
385 526 1
385 528 2
385 547 3
385 549 4
385 558 4
385 559 3
385 561 3
385 564 2
385 566 3
385 569 3
385 578 3
385 580 4
385 582 4
385 583 3
385 593 2
385 603 4
385 619 3
385 625 3
385 642 4
385 650 4
385 651 4
385 659 4
385 663 4
385 672 3
385 674 3
385 678 3
385 679 3
385 684 4
385 692 4
385 693 2
385 697 4
385 715 3
385 732 4
385 735 4
385 737 3
385 742 4
385 744 3
385 768 3
385 769 2
385 772 3
385 773 3
385 774 2
385 789 4
385 790 1
385 806 4
385 844 3
385 845 3
385 854 4
385 856 3
385 919 2
385 942 4
385 943 3
385 952 3
385 969 3
385 972 1
385 984 1
386 5 3
386 56 4
386 100 3
386 111 5
386 117 4
386 147 5
386 184 3
386 237 5
386 259 5
386 288 5
386 298 3
386 307 5
386 310 5
386 315 4
386 323 3
386 326 3
386 333 1
386 508 3
386 569 3
386 591 4
386 628 1
386 678 1
386 680 5
386 682 3
386 690 3
386 742 4
386 769 3
386 773 2
386 816 2
386 845 5
386 871 3
386 895 3
387 4 4
387 8 3
387 23 3
387 25 4
387 28 4
387 29 3
387 38 3
387 40 3
387 42 1
387 47 4
387 50 4
387 53 3
387 56 1
387 58 4
387 59 3
387 64 5
387 65 3
387 66 4
387 69 4
387 72 4
387 77 2
387 79 4
387 80 3
387 82 4
387 88 3
387 90 3
387 94 4
387 95 4
387 98 2
387 99 4
387 100 4
387 105 2
387 109 1
387 111 4
387 118 3
387 127 4
387 131 4
387 132 3
387 136 2
387 142 3
387 151 2
387 152 1
387 153 2
387 154 3
387 159 2
387 160 4
387 167 1
387 168 4
387 172 2
387 173 4
387 174 2
387 176 4
387 178 4
387 179 4
387 181 4
387 185 3
387 186 4
387 191 3
387 194 4
387 197 3
387 202 4
387 204 3
387 205 4
387 208 4
387 210 3
387 211 4
387 216 4
387 217 3
387 234 3
387 238 4
387 249 3
387 275 3
387 283 4
387 285 4
387 300 1
387 301 3
387 346 2
387 378 2
387 383 3
387 384 3
387 393 2
387 395 2
387 396 3
387 401 3
387 404 3
387 407 2
387 410 1
387 411 2
387 414 4
387 416 4
387 420 2
387 423 4
387 428 1
387 429 4
387 435 4
387 451 4
387 454 2
387 467 4
387 471 3
387 474 3
387 475 4
387 477 4
387 478 4
387 479 4
387 480 4
387 481 4
387 483 3
387 484 4
387 490 4
387 491 3
387 492 4
387 493 2
387 497 3
387 498 4
387 499 4
387 501 4
387 502 1
387 503 4
387 504 3
387 506 2
387 507 1
387 509 3
387 510 3
387 514 4
387 517 4
387 518 4
387 519 3
387 520 4
387 525 4
387 526 4
387 550 4
387 558 4
387 568 3
387 583 3
387 584 4
387 588 4
387 591 4
387 602 4
387 604 2
387 605 1
387 607 3
387 610 2
387 612 1
387 613 4
387 615 4
387 616 2
387 630 3
387 631 4
387 642 4
387 649 3
387 656 4
387 657 4
387 661 3
387 662 4
387 671 1
387 674 3
387 693 3
387 699 4
387 700 2
387 705 2
387 712 3
387 715 3
387 731 3
387 732 3
387 736 1
387 739 4
387 756 1
387 763 3
387 778 4
387 780 3
387 785 1
387 792 4
387 820 3
387 824 2
387 835 4
387 836 2
387 845 3
387 847 3
387 923 4
387 926 2
387 942 4
387 945 4
387 954 4
387 997 2
388 1 4
388 9 4
388 13 4
388 126 2
388 258 4
388 275 3
388 302 4
388 304 3
388 319 3
388 328 3
388 329 4
388 331 4
388 740 3
388 742 4
388 845 3
388 989 3
389 9 4
389 11 2
389 12 4
389 15 3
389 22 4
389 31 2
389 47 4
389 48 4
389 56 4
389 58 3
389 59 3
389 60 4
389 64 5
389 69 4
389 71 2
389 76 2
389 89 2
389 97 3
389 100 3
389 127 4
389 132 3
389 134 4
389 148 3
389 168 1
389 173 4
389 182 3
389 188 3
389 191 3
389 195 2
389 197 4
389 200 4
389 203 2
389 204 3
389 205 3
389 213 4
389 215 4
389 222 2
389 234 4
389 237 4
389 238 1
389 258 4
389 264 3
389 276 3
389 282 4
389 286 3
389 288 3
389 294 3
389 300 4
389 318 3
389 334 3
389 357 3
389 421 4
389 458 3
389 460 2
389 471 4
389 474 3
389 479 2
389 480 2
389 482 2
389 490 1
389 491 1
389 498 3
389 504 3
389 507 4
389 508 4
389 510 3
389 511 3
389 527 4
389 530 1
389 544 3
389 546 3
389 603 4
389 604 3
389 628 3
389 646 3
389 659 4
389 661 3
389 678 3
389 748 2
389 772 3
389 774 4
389 963 3
390 8 1
390 23 4
390 58 1
390 59 4
390 99 2
390 114 1
390 129 4
390 166 1
390 169 4
390 170 4
390 172 5
390 173 2
390 178 3
390 179 3
390 180 1
390 181 4
390 189 4
390 191 4
390 197 4
390 199 3
390 200 4
390 209 2
390 244 3
390 248 4
390 249 4
390 250 3
390 255 3
390 257 4
390 260 2
390 268 4
390 270 3
390 271 3
390 272 4
390 276 4
390 285 3
390 288 1
390 289 3
390 293 4
390 294 1
390 297 4
390 300 4
390 302 4
390 303 4
390 304 4
390 310 4
390 312 4
390 313 4
390 319 2
390 321 3
390 323 1
390 324 3
390 325 3
390 328 5
390 333 4
390 340 4
390 344 3
390 345 4
390 346 4
390 347 4
390 463 4
390 482 4
390 491 4
390 492 4
390 493 5
390 511 3
390 515 4
390 534 4
390 538 3
390 615 4
390 632 1
390 650 1
390 663 4
390 705 2
390 813 4
390 847 3
390 872 2
390 873 5
390 880 1
391 2 3
391 3 2
391 4 2
391 5 3
391 7 2
391 11 4
391 12 4
391 15 3
391 17 3
391 21 2
391 22 4
391 24 2
391 25 2
391 26 4
391 27 3
391 28 4
391 29 2
391 31 4
391 36 2
391 38 2
391 40 1
391 41 3
391 42 4
391 48 4
391 49 2
391 50 4
391 51 3
391 54 3
391 55 3
391 56 4
391 58 4
391 62 2
391 64 5
391 65 4
391 67 3
391 68 4
391 69 4
391 70 4
391 71 4
391 73 3
391 78 3
391 79 3
391 81 1
391 83 3
391 84 3
391 85 3
391 86 4
391 87 2
391 88 4
391 90 2
391 94 4
391 95 2
391 99 4
391 100 4
391 105 4
391 108 4
391 109 3
391 110 2
391 111 3
391 117 3
391 118 3
391 122 2
391 123 4
391 126 4
391 128 3
391 132 4
391 135 4
391 136 4
391 138 1
391 139 3
391 142 1
391 144 4
391 147 4
391 148 3
391 153 4
391 154 2
391 161 4
391 168 3
391 169 2
391 172 4
391 173 4
391 181 1
391 184 4
391 186 4
391 189 4
391 191 4
391 194 2
391 196 4
391 202 4
391 203 4
391 204 2
391 206 3
391 215 4
391 222 2
391 223 4
391 227 3
391 228 4
391 233 4
391 237 4
391 239 2
391 240 3
391 241 4
391 243 2
391 245 3
391 252 3
391 255 1
391 257 1
391 258 3
391 265 4
391 270 4
391 271 3
391 273 4
391 274 3
391 275 1
391 278 3
391 280 3
391 281 3
391 283 2
391 290 1
391 291 3
391 294 3
391 298 4
391 303 2
391 313 2
391 316 4
391 317 2
391 318 4
391 321 1
391 323 2
391 328 3
391 333 4
391 338 3
391 342 3
391 344 4
391 347 3
391 354 3
391 355 3
391 356 4
391 357 2
391 362 3
391 363 2
391 364 2
391 365 4
391 366 4
391 369 2
391 373 3
391 374 4
391 376 3
391 377 2
391 378 4
391 380 1
391 385 4
391 386 2
391 391 1
391 393 3
391 394 2
391 396 3
391 403 4
391 404 2
391 405 2
391 409 3
391 410 1
391 412 2
391 415 2
391 417 3
391 418 1
391 419 4
391 420 4
391 421 4
391 423 2
391 431 3
391 443 1
391 456 1
391 465 3
391 470 4
391 471 3
391 472 1
391 473 3
391 476 3
391 477 2
391 479 4
391 480 4
391 496 2
391 497 4
391 500 3
391 501 4
391 527 4
391 538 3
391 539 2
391 540 2
391 544 3
391 546 3
391 550 2
391 552 4
391 553 3
391 554 1
391 559 2
391 561 3
391 566 4
391 568 4
391 569 3
391 571 4
391 576 2
391 578 3
391 588 1
391 591 4
391 596 2
391 597 3
391 622 1
391 623 4
391 628 2
391 630 2
391 633 4
391 636 3
391 644 4
391 651 2
391 655 4
391 659 4
391 672 3
391 681 3
391 683 3
391 685 1
391 686 2
391 687 2
391 690 3
391 692 4
391 696 3
391 705 4
391 710 3
391 715 3
391 717 3
391 721 3
391 722 4
391 725 3
391 727 4
391 728 4
391 731 1
391 737 1
391 739 1
391 742 4
391 747 4
391 751 3
391 755 4
391 756 1
391 761 3
391 763 3
391 771 2
391 775 3
391 778 4
391 779 3
391 780 3
391 781 3
391 783 3
391 789 4
391 792 4
391 794 3
391 797 3
391 802 3
391 805 3
391 808 1
391 810 3
391 812 2
391 815 3
391 821 2
391 824 2
391 825 3
391 826 3
391 831 3
391 836 4
391 840 4
391 841 4
391 842 3
391 843 4
391 845 4
391 870 2
391 871 3
391 876 3
391 879 3
391 890 2
391 905 1
391 922 4
391 929 4
391 930 4
391 932 2
391 939 4
391 940 2
391 944 4
391 949 3
391 951 4
391 953 4
391 964 4
391 977 2
391 996 3
391 997 2
391 999 4
391 1000 3
392 1 4
392 7 3
392 28 4
392 31 4
392 38 3
392 39 3
392 42 2
392 56 3
392 63 1
392 68 4
392 72 3
392 73 3
392 79 4
392 84 4
392 88 5
392 96 4
392 97 4
392 98 4
392 101 3
392 117 3
392 121 5
392 128 4
392 132 4
392 144 4
392 154 2
392 156 2
392 158 4
392 161 4
392 164 4
392 172 5
392 174 4
392 179 4
392 181 5
392 184 4
392 195 4
392 208 4
392 210 4
392 216 4
392 217 4
392 218 4
392 222 4
392 226 3
392 227 5
392 229 3
392 230 5
392 232 3
392 233 4
392 238 2
392 250 3
392 257 4
392 265 3
392 282 5
392 288 4
392 313 4
392 364 2
392 383 2
392 385 5
392 386 3
392 411 2
392 416 4
392 419 2
392 423 5
392 433 4
392 449 3
392 450 2
392 455 4
392 496 5
392 508 4
392 540 3
392 541 1
392 550 3
392 552 3
392 554 2
392 559 5
392 561 2
392 568 4
392 576 4
392 578 2
392 597 4
392 655 4
392 658 4
392 665 2
392 679 4
392 746 3
392 763 5
392 771 4
392 773 3
392 780 3
392 797 4
392 802 5
392 979 3
393 1 3
393 50 5
393 64 5
393 89 4
393 97 3
393 98 4
393 100 4
393 121 2
393 151 4
393 154 4
393 174 5
393 186 4
393 196 5
393 210 4
393 216 5
393 237 4
393 252 4
393 255 3
393 257 4
393 273 4
393 313 5
393 315 4
393 328 4
393 342 3
393 343 3
393 423 4
393 458 2
393 472 2
393 632 4
393 739 4
393 892 3
393 924 2
394 1 4
394 9 4
394 25 4
394 100 3
394 106 3
394 117 4
394 121 4
394 125 4
394 222 2
394 237 2
394 245 3
394 260 4
394 274 4
394 291 2
394 300 4
394 322 4
394 328 4
394 329 3
394 333 2
394 405 3
394 455 4
394 471 4
394 591 4
394 619 4
394 678 3
394 717 3
394 751 3
394 840 4
394 930 4
394 977 2
394 986 4
395 7 4
395 8 3
395 23 4
395 56 3
395 95 2
395 100 3
395 108 2
395 109 3
395 117 4
395 127 4
395 134 2
395 135 2
395 156 4
395 171 4
395 172 3
395 174 2
395 177 1
395 178 3
395 181 5
395 183 4
395 192 4
395 194 4
395 197 2
395 210 5
395 221 1
395 223 4
395 261 1
395 268 3
395 286 3
395 288 3
395 302 4
395 313 3
395 318 2
395 322 2
395 324 3
395 325 3
395 327 1
395 334 2
395 338 1
395 340 3
395 345 4
395 346 3
395 390 2
395 423 2
395 457 1
395 475 4
395 479 2
395 483 5
395 498 2
395 513 4
395 588 4
395 615 4
395 641 5
395 657 2
395 680 1
395 705 4
395 748 4
395 751 4
395 853 5
395 855 4
395 878 2
395 894 2
395 896 3
395 988 2
395 989 1
395 991 2
396 4 4
396 12 4
396 13 1
396 15 4
396 25 4
396 28 4
396 31 4
396 47 4
396 49 3
396 50 3
396 56 4
396 58 4
396 63 2
396 64 2
396 65 2
396 66 4
396 69 4
396 70 1
396 72 2
396 73 3
396 82 4
396 85 3
396 88 2
396 94 3
396 95 4
396 117 4
396 124 4
396 125 4
396 126 4
396 127 2
396 144 3
396 152 4
396 154 3
396 159 4
396 162 3
396 163 1
396 167 2
396 168 4
396 172 3
396 173 4
396 174 3
396 178 4
396 181 2
396 182 2
396 183 4
396 186 4
396 191 3
396 194 2
396 196 4
396 197 4
396 199 2
396 202 4
396 203 4
396 204 2
396 205 1
396 211 2
396 216 4
396 227 4
396 228 4
396 229 3
396 230 3
396 234 1
396 235 4
396 239 3
396 274 4
396 276 4
396 284 2
396 357 1
396 385 2
396 393 3
396 399 3
396 403 4
396 414 3
396 417 3
396 423 2
396 429 2
396 430 4
396 432 4
396 435 3
396 474 4
396 476 3
396 479 2
396 480 1
396 481 4
396 485 1
396 491 4
396 493 5
396 494 4
396 495 1
396 496 2
396 497 1
396 498 2
396 501 3
396 502 3
396 504 4
396 510 2
396 514 2
396 519 1
396 520 4
396 521 4
396 525 4
396 588 3
396 589 4
396 591 4
396 602 3
396 648 4
396 654 1
396 663 2
396 692 4
396 700 2
396 710 3
396 715 3
396 732 4
396 735 4
396 737 3
396 756 4
396 796 3
396 953 4
396 969 2
396 991 2
396 993 3
397 2 3
397 5 3
397 8 4
397 9 4
397 15 4
397 22 2
397 26 4
397 31 2
397 33 4
397 38 3
397 41 3
397 42 4
397 48 3
397 53 2
397 55 1
397 56 1
397 57 1
397 58 4
397 62 3
397 63 3
397 66 4
397 67 2
397 68 4
397 69 4
397 71 4
397 72 3
397 73 2
397 77 3
397 79 4
397 80 1
397 84 3
397 91 1
397 94 3
397 95 4
397 97 2
397 98 3
397 99 2
397 102 3
397 110 1
397 114 5
397 117 2
397 118 3
397 121 3
397 127 4
397 128 3
397 132 3
397 140 3
397 143 4
397 144 4
397 147 3
397 148 2
397 153 4
397 154 2
397 155 3
397 156 3
397 157 4
397 161 4
397 164 1
397 172 2
397 173 2
397 174 3
397 175 3
397 179 4
397 180 3
397 181 3
397 186 4
397 187 4
397 188 4
397 195 2
397 196 4
397 203 4
397 204 2
397 210 2
397 214 3
397 215 4
397 219 3
397 223 4
397 226 2
397 227 3
397 228 2
397 229 2
397 230 3
397 231 3
397 233 4
397 234 4
397 237 2
397 238 4
397 239 1
397 241 3
397 264 3
397 265 2
397 268 4
397 273 2
397 274 4
397 276 4
397 282 2
397 284 3
397 288 3
397 289 1
397 291 3
397 295 4
397 301 3
397 307 1
397 318 4
397 323 2
397 332 1
397 338 3
397 340 4
397 364 2
397 372 3
397 378 2
397 382 4
397 383 2
397 384 1
397 385 2
397 386 3
397 388 2
397 389 2
397 393 4
397 399 1
397 400 1
397 401 3
397 402 2
397 403 3
397 405 2
397 407 2
397 412 2
397 413 2
397 418 4
397 420 2
397 423 4
397 431 3
397 432 3
397 436 4
397 444 3
397 450 3
397 451 3
397 452 4
397 454 2
397 455 3
397 459 3
397 470 4
397 471 4
397 475 4
397 486 1
397 496 2
397 501 4
397 506 1
397 508 4
397 527 2
397 531 4
397 542 3
397 543 3
397 544 3
397 546 2
397 549 4
397 550 3
397 551 3
397 554 3
397 559 3
397 564 3
397 566 1
397 568 3
397 575 2
397 576 1
397 578 3
397 582 4
397 587 1
397 588 4
397 591 4
397 597 3
397 616 2
397 622 2
397 628 4
397 633 3
397 651 2
397 655 1
397 673 1
397 679 3
397 684 4
397 693 3
397 697 4
397 710 3
397 720 3
397 722 3
397 727 4
397 732 4
397 735 3
397 738 3
397 742 4
397 744 2
397 747 4
397 754 1
397 755 4
397 760 2
397 763 1
397 768 3
397 769 2
397 772 4
397 774 2
397 779 1
397 781 4
397 806 4
397 809 2
397 813 4
397 817 2
397 824 2
397 825 3
397 826 2
397 845 4
397 924 3
397 926 2
397 928 2
397 941 3
397 946 1
397 959 4
397 969 3
397 975 3
397 977 3
397 986 2
398 258 4
398 286 4
398 288 3
398 294 4
398 300 3
398 304 4
398 332 4
398 689 3
398 690 2
399 9 2
399 11 4
399 13 3
399 14 2
399 25 4
399 26 2
399 44 4
399 50 2
399 64 2
399 65 3
399 69 4
399 70 4
399 71 4
399 83 2
399 97 4
399 100 3
399 117 4
399 127 4
399 133 3
399 135 4
399 143 1
399 144 4
399 147 1
399 151 4
399 153 4
399 154 2
399 157 1
399 161 2
399 162 3
399 172 2
399 173 2
399 174 2
399 181 1
399 194 3
399 196 2
399 197 4
399 198 4
399 199 2
399 202 2
399 204 2
399 210 4
399 225 3
399 248 1
399 257 4
399 272 3
399 273 4
399 275 3
399 276 4
399 280 3
399 282 2
399 294 3
399 302 2
399 312 3
399 315 4
399 316 2
399 321 3
399 322 3
399 328 3
399 342 1
399 356 4
399 357 4
399 365 2
399 371 2
399 385 3
399 404 2
399 430 4
399 435 2
399 451 4
399 462 2
399 471 4
399 473 2
399 477 3
399 478 4
399 481 4
399 483 3
399 485 4
399 486 2
399 493 5
399 499 1
399 501 2
399 507 4
399 508 4
399 509 2
399 511 2
399 515 2
399 519 4
399 520 1
399 527 3
399 528 2
399 535 3
399 553 3
399 566 4
399 582 2
399 588 2
399 603 3
399 604 1
399 609 4
399 630 4
399 632 4
399 638 4
399 651 2
399 654 1
399 655 2
399 659 3
399 661 1
399 684 4
399 707 2
399 724 4
399 735 1
399 748 3
399 762 2
399 815 2
399 866 3
399 892 1
400 7 3
400 9 3
400 10 4
400 12 4
400 13 5
400 16 4
400 19 4
400 25 2
400 42 4
400 50 4
400 111 4
400 116 4
400 117 2
400 124 3
400 126 4
400 127 2
400 135 4
400 151 4
400 182 4
400 204 5
400 235 5
400 237 4
400 245 3
400 255 3
400 257 1
400 273 2
400 276 2
400 286 2
400 455 4
400 471 4
400 475 4
400 476 2
400 479 3
400 480 2
400 483 1
400 511 4
400 515 4
400 529 2
400 628 3
400 696 3
400 864 3
