201 1 4
201 111 5
201 268 5
201 283 4
201 291 5
201 305 5
201 331 4
201 740 3
202 259 3
202 292 4
202 682 3
202 872 3
202 877 3
202 880 3
202 887 4
202 895 3
202 948 2
203 7 4
203 9 4
203 100 4
203 106 3
203 111 3
203 117 3
203 118 3
203 121 3
203 123 4
203 129 4
203 148 3
203 181 4
203 222 3
203 235 3
203 274 3
203 276 4
203 284 3
203 291 3
203 370 4
203 410 4
203 471 4
203 472 3
203 515 4
203 546 3
203 597 3
203 685 3
203 748 3
203 845 3
203 864 2
203 866 3
203 925 3
203 928 4
204 22 5
204 66 4
204 243 3
204 245 3
204 258 4
204 259 3
204 269 4
204 270 5
204 289 4
204 300 4
204 307 3
204 310 5
204 313 5
204 323 4
204 327 5
204 331 4
204 333 4
204 342 4
204 343 3
204 348 4
204 678 4
204 683 3
204 687 2
204 689 3
204 690 5
204 748 4
204 754 5
204 879 3
204 892 3
204 901 1
205 2 1
205 5 2
205 8 3
205 11 2
205 12 2
205 22 3
205 23 2
205 28 2
205 29 1
205 30 3
205 31 2
205 32 2
205 33 2
205 37 1
205 38 1
205 39 2
205 40 1
205 41 2
205 42 3
205 43 2
205 45 2
205 47 3
205 48 2
205 49 2
205 50 2
205 51 2
205 52 3
205 53 2
205 55 3
205 56 3
205 57 2
205 58 2
205 60 2
205 61 2
205 62 2
205 63 2
205 64 3
205 66 2
205 67 1
205 68 2
205 70 2
205 71 2
205 72 2
205 73 2
205 75 2
205 76 2
205 77 2
205 78 2
205 80 1
205 81 3
205 82 2
205 83 3
205 85 3
205 87 3
205 88 2
205 90 1
205 91 2
205 92 3
205 94 2
205 96 2
205 97 2
205 98 3
205 101 2
205 102 1
205 127 3
205 132 2
205 135 3
205 139 1
205 141 3
205 142 2
205 149 1
205 161 2
205 168 3
205 169 2
205 172 2
205 173 3
205 175 3
205 178 3
205 179 3
205 180 3
205 183 2
205 184 2
205 185 2
205 186 2
205 188 2
205 189 2
205 190 3
205 191 3
205 192 3
205 193 2
205 195 3
205 197 3
205 198 2
205 199 3
205 200 3
205 202 2
205 204 2
205 206 2
205 207 2
205 208 3
205 210 2
205 211 2
205 212 2
205 214 3
205 215 2
205 216 2
205 217 2
205 218 2
205 219 2
205 226 2
205 227 2
205 228 3
205 229 2
205 230 1
205 231 2
205 232 2
205 233 2
205 234 3
205 238 3
205 239 2
205 265 2
205 288 2
205 302 2
205 308 2
205 317 3
205 318 2
205 347 3
205 350 1
205 351 1
205 356 2
205 361 2
205 364 2
205 365 1
205 366 2
205 367 2
205 371 1
205 374 2
205 376 1
205 377 1
205 379 2
205 383 1
205 384 2
205 386 3
205 387 2
205 388 1
205 391 2
205 393 2
205 395 2
205 396 3
205 397 2
205 399 3
205 400 1
205 402 2
205 403 2
205 404 3
205 414 3
205 415 2
205 416 3
205 417 2
205 419 2
205 420 3
205 421 2
205 422 2
205 423 3
205 426 3
205 427 3
205 430 2
205 431 2
205 433 3
205 434 3
205 437 1
205 438 2
205 439 1
205 440 1
205 441 2
205 442 1
205 444 2
205 446 1
205 447 2
205 448 1
205 449 2
205 450 1
205 451 2
205 452 3
205 453 1
205 461 2
205 462 3
205 463 3
205 464 3
205 465 2
205 467 3
205 469 2
205 470 2
205 480 2
205 482 3
205 501 2
205 504 2
205 509 2
205 510 3
205 511 2
205 514 2
205 515 2
205 516 1
205 517 2
205 518 3
205 519 3
205 520 3
205 521 3
205 522 3
205 523 3
205 524 3
205 525 3
205 526 2
205 527 3
205 528 2
205 529 2
205 530 3
205 536 2
205 537 2
205 540 1
205 541 1
205 543 1
205 545 2
205 548 3
205 549 2
205 551 1
205 552 2
205 553 2
205 555 2
205 556 1
205 557 2
205 558 2
205 559 2
205 560 1
205 561 1
205 562 2
205 563 1
205 564 1
205 565 1
205 566 2
205 567 1
205 568 2
205 569 1
205 570 3
205 573 1
205 574 3
205 575 1
205 577 2
205 578 2
205 579 2
205 580 2
205 581 3
205 583 2
205 584 3
205 585 2
205 586 1
205 588 2
205 592 3
205 593 3
205 603 2
205 606 2
205 622 2
205 623 1
205 624 2
205 625 2
205 626 3
205 627 2
205 639 3
205 642 2
205 643 2
205 644 3
205 645 3
205 647 3
205 648 3
205 649 3
205 650 2
205 651 3
205 652 2
205 653 2
205 654 3
205 655 3
205 656 2
205 659 3
205 661 3
205 662 3
205 664 3
205 666 2
205 667 2
205 669 1
205 670 2
205 671 3
205 673 2
205 674 1
205 675 3
205 679 3
205 684 2
205 692 2
205 693 2
205 694 2
205 695 3
205 697 3
205 699 2
205 700 1
205 702 1
205 707 2
205 708 2
205 710 2
205 712 2
205 714 2
205 715 2
205 716 2
205 719 2
205 720 2
205 721 1
205 722 2
205 723 1
205 726 2
205 727 3
205 728 2
205 729 2
205 731 2
205 732 2
205 734 2
205 736 3
205 739 2
205 745 3
205 746 3
205 747 3
205 753 2
205 755 2
205 759 1
205 761 2
205 765 2
205 768 1
205 769 2
205 770 3
205 771 3
205 772 1
205 773 1
205 774 1
205 775 3
205 776 1
205 777 2
205 778 1
205 779 2
205 780 2
205 782 2
205 783 1
205 784 1
205 785 2
205 786 2
205 787 1
205 788 1
205 789 3
205 790 2
205 791 3
205 793 2
205 794 3
205 795 1
205 796 3
205 798 2
205 802 1
205 807 1
205 808 1
205 810 2
205 812 1
205 816 1
205 842 2
205 843 3
205 849 2
205 851 4
205 853 3
205 854 1
205 855 2
205 858 1
205 859 2
205 860 1
205 861 2
205 904 1
205 921 2
205 939 2
205 941 1
205 943 2
205 944 1
205 946 2
205 947 2
205 949 3
205 951 2
205 953 4
205 955 3
205 956 3
205 957 2
205 959 3
205 960 1
205 964 3
205 969 2
205 971 2
205 994 2
205 996 2
205 997 1
205 999 2
206 1 3
206 3 2
206 4 3
206 5 2
206 7 3
206 8 4
206 10 3
206 11 3
206 12 4
206 13 3
206 14 3
206 15 3
206 20 3
206 22 3
206 24 2
206 25 2
206 28 3
206 30 3
206 32 3
206 39 3
206 40 2
206 42 3
206 47 2
206 48 4
206 50 3
206 52 3
206 58 3
206 63 2
206 64 4
206 69 3
206 71 3
206 72 2
206 79 3
206 85 3
206 86 2
206 87 3
206 89 3
206 92 3
206 93 3
206 96 3
206 99 3
206 115 2
206 117 3
206 121 3
206 123 2
206 125 2
206 127 3
206 129 3
206 131 2
206 132 3
206 133 3
206 134 3
206 135 3
206 136 2
206 143 3
206 148 2
206 151 3
206 152 3
206 153 4
206 156 3
206 158 3
206 164 3
206 168 3
206 170 3
206 172 3
206 173 3
206 174 4
206 175 2
206 179 3
206 181 3
206 182 4
206 183 3
206 186 3
206 187 3
206 188 3
206 190 4
206 191 3
206 194 3
206 195 4
206 196 3
206 198 3
206 199 4
206 202 3
206 203 3
206 204 3
206 206 2
206 209 4
206 211 3
206 212 3
206 213 3
206 215 4
206 218 3
206 219 2
206 220 1
206 222 2
206 228 3
206 234 3
206 235 1
206 237 3
206 238 3
206 239 3
206 240 1
206 274 2
206 275 2
206 276 3
206 277 3
206 284 2
206 289 2
206 317 3
206 318 3
206 357 3
206 368 2
206 381 3
206 396 2
206 404 3
206 405 2
206 410 2
206 411 2
206 414 4
206 418 3
206 419 2
206 420 3
206 421 3
206 427 4
206 428 3
206 429 3
206 430 4
206 431 3
206 434 3
206 435 4
206 436 3
206 443 3
206 447 3
206 451 2
206 452 2
206 453 1
206 461 2
206 463 4
206 468 2
206 469 3
206 474 3
206 476 2
206 479 3
206 480 3
206 481 3
206 482 4
206 485 1
206 487 3
206 488 2
206 490 3
206 496 3
206 498 4
206 499 3
206 501 3
206 503 3
206 504 3
206 505 2
206 507 1
206 508 3
206 509 3
206 511 4
206 514 4
206 515 3
206 517 4
206 519 4
206 520 3
206 523 4
206 524 3
206 526 3
206 527 3
206 528 3
206 529 3
206 543 3
206 559 1
206 561 2
206 573 2
206 582 3
206 588 3
206 589 3
206 591 3
206 596 2
206 605 3
206 606 3
206 607 3
206 608 3
206 610 2
206 611 2
206 612 3
206 624 3
206 632 2
206 633 2
206 634 3
206 638 2
206 639 2
206 640 4
206 641 3
206 642 3
206 645 3
206 647 2
206 651 4
206 652 4
206 655 4
206 662 3
206 663 4
206 664 2
206 665 2
206 672 2
206 675 4
206 692 3
206 693 3
206 699 2
206 701 3
206 705 3
206 712 3
206 713 3
206 715 3
206 727 3
206 732 3
206 735 3
206 737 3
206 745 3
206 746 3
206 747 3
206 756 2
206 772 2
206 787 2
206 813 4
206 823 3
206 825 3
206 826 2
206 831 1
206 845 3
206 919 3
206 921 4
206 923 4
206 942 3
206 960 3
206 962 3
207 1 5
207 2 4
207 4 4
207 8 4
207 25 3
207 28 5
207 29 3
207 40 3
207 45 4
207 50 5
207 56 4
207 62 3
207 68 3
207 69 5
207 70 4
207 82 4
207 88 5
207 89 5
207 91 3
207 96 5
207 97 4
207 98 5
207 99 5
207 100 5
207 117 4
207 118 4
207 123 5
207 127 5
207 132 4
207 135 5
207 143 4
207 144 5
207 147 3
207 157 5
207 158 3
207 159 4
207 161 5
207 163 4
207 172 4
207 173 5
207 174 5
207 177 5
207 179 4
207 180 4
207 181 5
207 182 4
207 183 5
207 185 5
207 186 4
207 188 4
207 193 4
207 194 5
207 196 5
207 197 4
207 200 5
207 201 3
207 202 4
207 203 5
207 205 4
207 208 5
207 209 4
207 211 4
207 214 4
207 215 4
207 216 4
207 217 3
207 218 4
207 222 4
207 223 5
207 226 4
207 227 4
207 228 4
207 229 4
207 230 4
207 231 3
207 232 3
207 235 3
207 238 4
207 239 4
207 244 3
207 248 4
207 249 4
207 250 4
207 255 3
207 257 4
207 265 5
207 269 3
207 274 4
207 286 4
207 289 3
207 290 4
207 291 4
207 313 5
207 316 5
207 345 5
207 357 4
207 371 3
207 382 3
207 385 4
207 393 4
207 399 3
207 400 1
207 405 4
207 416 4
207 418 4
207 423 5
207 427 5
207 428 5
207 432 3
207 433 4
207 436 4
207 447 5
207 448 4
207 449 4
207 455 4
207 466 4
207 476 3
207 478 5
207 479 4
207 483 5
207 484 5
207 493 5
207 496 5
207 502 5
207 508 4
207 510 5
207 514 4
207 519 5
207 521 4
207 525 5
207 559 3
207 561 2
207 565 3
207 588 5
207 603 5
207 616 4
207 629 4
207 635 4
207 642 3
207 648 5
207 656 5
207 657 4
207 660 4
207 675 5
207 684 5
207 705 4
207 710 3
207 712 4
207 715 4
207 729 4
207 732 4
207 746 3
207 755 4
207 756 3
207 785 3
207 844 4
207 859 3
207 869 4
207 879 4
207 949 3
207 969 4
207 972 4
207 993 4
208 270 4
208 271 3
208 286 4
208 294 3
208 300 4
208 313 4
208 315 4
208 319 4
208 328 4
208 347 4
208 358 4
208 539 3
208 683 3
208 689 4
208 748 3
209 6 5
209 8 4
209 9 5
209 12 5
209 14 5
209 22 5
209 23 5
209 28 4
209 30 4
209 48 5
209 50 5
209 58 4
209 59 5
209 60 5
209 65 4
209 87 5
209 97 4
209 98 5
209 99 5
209 100 5
209 133 5
209 135 5
209 153 4
209 154 5
209 156 4
209 162 4
209 166 4
209 168 5
209 170 5
209 172 5
209 173 5
209 174 5
209 175 5
209 179 5
209 181 5
209 186 4
209 191 5
209 192 5
209 195 5
209 197 5
209 199 5
209 200 4
209 201 3
209 202 4
209 203 4
209 204 5
209 205 4
209 207 5
209 209 4
209 210 5
209 213 4
209 214 4
209 216 4
209 223 5
209 264 4
209 266 3
209 270 5
209 275 5
209 276 4
209 283 5
209 285 5
209 286 4
209 288 4
209 300 4
209 303 4
209 318 5
209 321 4
209 322 4
209 325 4
209 327 4
209 339 4
209 343 4
209 357 4
209 367 4
209 381 4
209 382 4
209 404 5
209 427 5
209 428 5
209 429 5
209 430 4
209 433 4
209 435 5
209 461 4
209 478 5
209 479 5
209 480 5
209 481 5
209 482 4
209 483 5
209 485 5
209 486 4
209 489 5
209 491 5
209 493 5
209 496 5
209 497 5
209 498 5
209 504 5
209 505 4
209 514 4
209 516 4
209 518 4
209 520 5
209 523 5
209 526 4
209 527 5
209 528 5
209 530 5
209 604 5
209 606 5
209 607 4
209 608 5
209 609 4
209 615 5
209 618 4
209 631 4
209 633 5
209 647 5
209 654 5
209 659 5
209 661 5
209 664 4
209 676 3
209 680 4
209 684 5
209 708 4
209 709 5
209 714 4
209 733 5
209 749 4
209 855 4
209 877 3
209 879 3
209 937 4
209 945 5
209 965 5
209 995 4
210 258 3
210 269 1
210 286 2
210 289 3
210 300 2
210 311 2
210 312 1
210 313 4
210 315 3
210 316 4
210 323 2
210 328 2
210 340 2
210 354 1
210 690 3
210 754 3
210 873 1
210 898 1
210 905 1
211 1 4
211 4 4
211 9 4
211 22 4
211 38 3
211 56 4
211 73 4
211 88 4
211 117 4
211 161 3
211 168 4
211 172 4
211 181 4
211 186 4
211 195 4
211 196 4
211 208 4
211 209 4
211 210 4
211 222 4
211 227 3
211 228 4
211 229 3
211 230 4
211 258 4
211 265 4
211 276 4
211 318 4
211 405 3
211 435 4
211 449 4
211 451 3
211 485 4
211 527 4
211 566 4
211 568 4
211 651 4
211 655 4
211 709 4
211 720 3
211 732 4
211 770 4
212 4 4
212 7 4
212 23 4
212 24 4
212 28 4
212 56 5
212 64 5
212 70 4
212 81 4
212 92 4
212 96 5
212 150 4
212 154 4
212 172 4
212 173 5
212 175 4
212 182 4
212 186 4
212 193 4
212 206 4
212 211 4
212 218 4
212 276 4
212 288 4
212 318 5
212 340 4
212 408 4
212 427 4
212 436 4
212 480 5
212 487 5
212 508 4
212 526 4
212 634 4
212 651 5
212 684 4
212 724 4
213 7 4
213 9 4
213 15 4
213 50 4
213 124 4
213 181 4
213 222 4
213 236 4
213 245 3
213 255 4
213 257 3
213 258 4
213 260 2
213 269 4
213 271 3
213 275 4
213 286 4
213 297 4
213 300 4
213 301 4
213 302 4
213 303 4
213 306 4
213 326 4
213 328 3
213 332 3
213 471 4
213 508 4
213 628 4
213 690 4
213 877 3
213 936 5
214 100 5
214 258 5
214 260 4
214 294 4
214 300 4
214 301 4
214 302 5
214 325 3
214 340 4
214 343 4
214 678 3
214 748 4
215 56 5
215 185 5
215 195 5
215 243 2
215 269 4
215 322 3
215 323 3
215 328 4
215 432 4
215 531 5
215 748 4
215 754 5
216 1 4
216 2 4
216 7 4
216 8 4
216 9 5
216 10 4
216 11 4
216 12 5
216 13 5
216 14 5
216 21 3
216 22 5
216 24 3
216 25 4
216 27 4
216 28 5
216 29 3
216 31 4
216 32 5
216 36 4
216 38 3
216 41 2
216 42 4
216 43 4
216 44 4
216 49 4
216 50 5
216 51 5
216 53 3
216 54 4
216 55 4
216 56 5
216 58 5
216 64 5
216 65 4
216 66 4
216 67 3
216 69 4
216 70 4
216 71 4
216 73 4
216 77 4
216 81 3
216 82 4
216 83 4
216 85 4
216 86 3
216 87 5
216 88 4
216 90 4
216 92 4
216 93 4
216 94 4
216 97 5
216 98 5
216 99 4
216 105 3
216 106 3
216 107 5
216 117 5
216 121 5
216 123 4
216 125 4
216 126 5
216 127 5
216 132 4
216 133 4
216 134 4
216 136 3
216 137 5
216 140 3
216 142 2
216 143 4
216 144 4
216 148 4
216 154 4
216 155 4
216 156 4
216 157 5
216 158 2
216 159 4
216 161 4
216 168 5
216 172 5
216 174 5
216 176 4
216 178 4
216 181 5
216 182 4
216 183 5
216 185 5
216 187 5
216 191 5
216 194 4
216 195 5
216 196 5
216 197 5
216 199 5
216 200 4
216 202 4
216 203 4
216 204 5
216 209 4
216 210 5
216 211 5
216 213 3
216 215 5
216 216 4
216 217 3
216 219 3
216 220 4
216 225 4
216 226 4
216 230 4
216 234 5
216 237 4
216 238 5
216 239 4
216 240 3
216 241 4
216 242 3
216 245 3
216 246 5
216 248 4
216 249 3
216 250 4
216 251 3
216 252 5
216 253 4
216 254 4
216 257 5
216 258 5
216 259 3
216 264 5
216 266 3
216 268 4
216 272 5
216 274 4
216 275 5
216 276 5
216 277 4
216 281 3
216 283 5
216 284 4
216 285 4
216 286 4
216 287 3
216 288 4
216 289 4
216 294 4
216 295 5
216 297 4
216 298 2
216 301 3
216 304 4
216 307 3
216 312 4
216 313 5
216 315 5
216 316 5
216 317 5
216 318 5
216 319 4
216 322 3
216 323 3
216 326 4
216 327 5
216 328 4
216 329 3
216 331 4
216 332 4
216 333 4
216 338 2
216 339 4
216 346 5
216 347 5
216 348 3
216 354 4
216 356 4
216 357 4
216 364 1
216 366 3
216 367 4
216 369 2
216 375 4
216 378 4
216 385 3
216 388 3
216 393 3
216 395 2
216 396 3
216 399 4
216 401 3
216 402 5
216 403 4
216 404 4
216 405 4
216 411 4
216 412 3
216 417 3
216 418 3
216 419 3
216 423 4
216 425 4
216 427 5
216 431 4
216 432 4
216 433 5
216 443 5
216 448 4
216 451 4
216 452 3
216 462 5
216 463 5
216 468 3
216 469 4
216 471 4
216 472 4
216 473 4
216 475 4
216 476 4
216 479 4
216 480 4
216 496 4
216 498 4
216 500 4
216 501 4
216 506 5
216 509 5
216 515 4
216 526 4
216 531 4
216 532 4
216 538 2
216 546 4
216 549 4
216 553 4
216 554 3
216 559 3
216 560 4
216 564 2
216 568 4
216 576 3
216 578 4
216 585 4
216 588 4
216 591 5
216 592 4
216 607 3
216 614 5
216 619 4
216 625 4
216 627 5
216 628 4
216 633 4
216 651 5
216 652 5
216 657 5
216 658 4
216 660 4
216 662 5
216 676 5
216 678 4
216 682 4
216 684 4
216 685 5
216 686 5
216 689 3
216 690 5
216 693 5
216 696 4
216 699 5
216 707 3
216 708 4
216 710 3
216 712 5
216 713 5
216 717 2
216 720 3
216 721 2
216 723 4
216 724 5
216 729 4
216 734 4
216 735 5
216 737 5
216 738 2
216 739 4
216 746 4
216 747 5
216 748 4
216 750 5
216 754 5
216 755 4
216 761 5
216 762 4
216 768 3
216 770 5
216 775 5
216 778 4
216 781 4
216 783 3
216 785 4
216 790 3
216 792 5
216 794 5
216 795 3
216 803 4
216 807 2
216 812 3
216 815 5
216 819 4
216 821 4
216 824 4
216 827 4
216 833 3
216 834 4
216 840 4
216 842 3
216 843 4
216 845 5
216 849 3
216 864 3
216 866 4
216 873 3
216 874 5
216 879 4
216 895 3
216 915 5
216 916 4
216 917 4
216 918 4
216 928 4
216 929 3
216 931 2
216 934 5
216 936 4
216 937 5
216 938 3
216 941 3
216 955 4
216 959 5
216 966 4
216 972 4
216 975 4
216 980 3
216 985 3
216 990 3
216 997 4
217 1 4
217 3 3
217 5 3
217 7 4
217 11 4
217 12 4
217 13 4
217 15 4
217 16 4
217 17 3
217 20 3
217 23 4
217 27 3
217 29 3
217 32 3
217 39 3
217 42 4
217 44 4
217 47 3
217 50 4
217 51 3
217 55 4
217 56 4
217 58 4
217 62 4
217 63 3
217 64 5
217 65 3
217 67 3
217 68 3
217 69 4
217 70 4
217 72 3
217 73 3
217 77 3
217 78 2
217 79 4
217 80 3
217 81 4
217 82 4
217 83 4
217 89 4
217 91 3
217 95 4
217 96 4
217 97 4
217 98 4
217 99 4
217 100 4
217 101 3
217 106 3
217 109 4
217 118 3
217 120 2
217 122 1
217 123 3
217 125 3
217 127 4
217 131 3
217 132 4
217 135 4
217 139 3
217 142 3
217 144 4
217 145 2
217 147 4
217 154 4
217 157 4
217 159 3
217 162 3
217 164 3
217 167 3
217 168 4
217 169 4
217 171 3
217 172 4
217 173 4
217 174 4
217 176 4
217 178 4
217 179 4
217 181 4
217 182 4
217 183 4
217 184 3
217 186 4
217 190 4
217 195 4
217 196 4
217 198 4
217 200 4
217 201 3
217 202 4
217 206 3
217 207 4
217 208 4
217 214 3
217 216 4
217 217 3
217 218 3
217 219 3
217 222 3
217 223 4
217 226 4
217 228 4
217 232 3
217 234 4
217 235 3
217 242 4
217 245 3
217 246 4
217 248 3
217 250 3
217 252 3
217 255 3
217 257 5
217 258 4
217 260 2
217 264 3
217 265 4
217 270 4
217 273 3
217 286 4
217 288 4
217 290 3
217 293 4
217 294 3
217 298 3
217 323 3
217 324 3
217 325 4
217 326 4
217 340 3
217 357 4
217 358 3
217 364 1
217 367 3
217 373 4
217 380 3
217 382 4
217 385 4
217 386 3
217 388 3
217 391 3
217 392 3
217 393 4
217 395 3
217 396 5
217 399 4
217 402 4
217 403 3
217 404 4
217 413 2
217 419 3
217 420 4
217 421 3
217 422 3
217 423 4
217 425 4
217 428 4
217 431 4
217 433 3
217 436 4
217 441 2
217 444 3
217 447 4
217 449 3
217 451 3
217 452 3
217 461 3
217 465 3
217 472 3
217 474 4
217 475 3
217 483 4
217 484 4
217 485 3
217 498 4
217 501 3
217 508 3
217 513 4
217 518 3
217 541 3
217 544 2
217 545 3
217 546 3
217 551 1
217 552 4
217 555 3
217 559 2
217 561 2
217 562 3
217 563 2
217 574 2
217 578 3
217 579 3
217 582 3
217 596 3
217 597 3
217 614 4
217 616 3
217 625 3
217 628 3
217 631 3
217 636 3
217 638 4
217 640 3
217 642 3
217 655 4
217 658 4
217 665 3
217 668 1
217 669 2
217 674 3
217 679 3
217 684 4
217 685 4
217 692 3
217 708 3
217 709 4
217 710 3
217 715 3
217 723 3
217 725 3
217 727 4
217 728 3
217 732 4
217 742 3
217 746 4
217 747 4
217 748 3
217 758 2
217 762 3
217 764 3
217 765 3
217 767 2
217 769 3
217 774 1
217 778 4
217 781 3
217 783 3
217 792 4
217 796 3
217 797 4
217 800 2
217 804 2
217 809 3
217 810 3
217 815 3
217 825 3
217 827 3
217 831 2
217 849 2
217 855 4
217 871 2
217 895 3
217 923 4
217 928 3
217 940 2
217 943 3
217 944 3
217 946 3
217 963 4
217 979 4
217 999 4
217 1000 2
218 258 3
218 269 3
218 288 3
218 301 3
218 302 3
218 313 4
218 327 3
218 328 3
218 331 3
218 362 2
218 750 3
218 895 3
218 899 3
219 50 5
219 79 5
219 89 5
219 100 5
219 173 5
219 181 5
219 223 5
219 257 5
219 275 5
219 286 5
219 405 4
219 478 5
219 488 5
219 615 5
219 617 5
219 705 5
220 19 4
220 86 4
220 100 4
220 116 4
220 137 4
220 251 4
220 275 4
220 283 4
220 302 4
220 319 4
220 331 4
220 408 4
220 475 4
220 478 4
220 508 4
220 513 4
220 603 4
220 750 5
220 753 4
221 4 5
221 7 5
221 11 4
221 12 5
221 50 5
221 56 5
221 82 4
221 87 5
221 89 5
221 96 5
221 100 5
221 117 4
221 124 5
221 127 5
221 129 5
221 144 5
221 156 5
221 164 5
221 172 5
221 174 5
221 175 5
221 176 5
221 182 5
221 183 5
221 185 5
221 194 5
221 200 4
221 213 5
221 218 4
221 219 3
221 238 5
221 302 5
221 333 4
221 443 5
221 448 4
221 466 5
221 516 5
221 517 5
221 653 4
221 657 5
221 672 4
221 709 5
221 879 3
221 914 3
221 915 5
222 1 4
222 15 4
222 50 4
222 53 2
222 98 4
222 100 4
222 109 3
222 117 4
222 124 4
222 126 4
222 127 4
222 129 3
222 137 4
222 151 2
222 181 4
222 184 3
222 200 4
222 201 3
222 217 2
222 219 2
222 222 3
222 235 2
222 250 3
222 257 1
222 258 4
222 260 2
222 270 4
222 273 4
222 276 4
222 286 3
222 287 2
222 288 3
222 293 5
222 294 3
222 299 3
222 307 3
222 324 3
222 326 3
222 327 3
222 334 2
222 370 1
222 379 2
222 396 2
222 410 2
222 436 3
222 447 3
222 448 1
222 452 3
222 458 3
222 475 3
222 477 3
222 515 4
222 551 1
222 558 2
222 559 2
222 561 2
222 590 1
222 665 3
222 670 3
222 671 1
222 672 3
222 682 3
222 742 4
222 760 2
222 854 1
222 867 5
222 919 3
222 922 3
222 926 3
223 9 3
223 15 3
223 127 3
223 148 1
223 237 4
223 245 2
223 258 4
223 269 4
223 272 4
223 276 5
223 282 3
223 286 4
223 299 3
223 300 3
223 304 2
223 307 3
223 310 3
223 313 5
223 315 5
223 322 3
223 323 3
223 326 4
223 327 4
223 328 4
223 329 3
223 333 3
223 340 3
223 344 4
223 347 4
223 355 3
223 471 2
223 546 3
223 591 3
223 628 3
223 678 3
223 689 3
223 696 3
223 744 3
223 748 3
223 750 4
223 754 4
223 823 5
223 879 3
223 898 1
223 924 3
223 977 3
224 1 4
224 14 4
224 15 4
224 25 4
224 50 5
224 100 5
224 115 4
224 127 5
224 151 4
224 172 4
224 243 3
224 261 3
224 275 5
224 288 5
224 289 5
224 310 4
224 323 4
224 333 5
224 427 5
224 508 5
224 538 5
224 681 2
224 683 4
224 689 2
224 882 3
225 1 2
225 2 2
225 7 3
225 17 2
225 22 2
225 24 2
225 32 4
225 38 1
225 39 2
225 53 3
225 55 4
225 62 2
225 68 2
225 79 2
225 82 2
225 83 3
225 98 3
225 100 3
225 117 1
225 118 1
225 121 2
225 124 4
225 127 3
225 144 3
225 147 2
225 156 3
225 168 4
225 171 3
225 172 2
225 174 3
225 176 3
225 177 4
225 178 4
225 180 2
225 183 3
225 185 4
225 187 3
225 188 2
225 191 3
225 195 3
225 198 3
225 200 2
225 201 2
225 204 1
225 207 3
225 209 4
225 210 3
225 218 2
225 222 2
225 227 3
225 229 3
225 230 3
225 231 2
225 232 2
225 234 3
225 241 3
225 244 2
225 250 3
225 252 1
225 257 3
225 259 1
225 271 1
225 272 3
225 273 1
225 281 3
225 286 3
225 288 2
225 298 3
225 302 4
225 305 3
225 307 2
225 310 2
225 313 3
225 316 3
225 318 3
225 322 2
225 323 1
225 324 4
225 325 3
225 327 2
225 333 1
225 338 3
225 340 3
225 343 2
225 346 4
225 355 3
225 357 3
225 358 1
225 362 3
225 363 3
225 379 3
225 385 2
225 398 3
225 424 3
225 429 3
225 445 3
225 447 2
225 448 3
225 452 3
225 474 3
225 475 1
225 491 3
225 515 4
225 520 3
225 522 2
225 529 3
225 538 3
225 540 3
225 550 3
225 562 3
225 566 2
225 568 2
225 573 3
225 576 3
225 583 4
225 590 1
225 597 3
225 636 3
225 669 3
225 670 3
225 675 3
225 678 1
225 679 3
225 686 3
225 690 2
225 748 3
225 750 3
225 751 2
225 759 3
225 823 3
225 825 3
225 831 3
225 841 3
225 853 3
225 877 3
225 879 2
225 895 3
225 912 3
225 943 3
225 976 3
226 23 5
226 50 5
226 98 5
226 99 5
226 133 4
226 134 5
226 135 4
226 168 5
226 174 5
226 178 5
226 182 4
226 185 4
226 191 5
226 196 4
226 197 4
226 199 5
226 200 4
226 204 4
226 208 5
226 211 5
226 318 5
226 418 4
226 427 5
226 428 5
226 430 5
226 432 4
226 435 5
226 474 5
226 478 5
226 480 4
226 483 5
226 486 4
226 488 4
226 490 4
226 491 4
226 492 5
226 493 5
226 494 4
226 504 4
226 505 4
226 510 5
226 511 5
226 524 4
226 525 5
226 526 4
226 601 5
226 603 4
226 605 4
226 606 4
226 607 4
226 608 5
226 610 4
226 613 4
226 614 4
226 616 4
226 631 4
226 633 4
226 646 5
226 648 5
226 651 5
226 653 4
226 654 5
226 655 5
226 657 5
226 673 4
226 705 4
226 754 4
226 835 4
226 836 4
226 848 5
227 245 3
227 258 5
227 263 4
227 286 5
227 292 5
227 300 5
227 302 5
227 303 4
227 304 4
227 319 5
227 332 5
227 341 5
227 359 4
227 680 4
227 681 4
227 682 5
227 688 5
227 874 4
228 243 3
228 259 3
228 268 5
228 271 3
228 272 4
228 286 4
228 289 3
228 294 3
228 300 4
228 301 3
228 305 4
228 307 3
228 312 3
228 313 5
228 322 3
228 323 3
228 326 4
228 329 3
228 332 4
228 334 1
228 338 1
228 344 4
228 350 3
228 538 1
228 690 4
228 750 5
228 875 1
228 877 2
228 879 4
228 886 5
228 896 4
228 908 1
228 988 4
229 1 3
229 2 2
229 3 3
229 4 4
229 7 4
229 8 3
229 12 4
229 15 3
229 21 3
229 22 4
229 23 3
229 24 3
229 26 3
229 28 4
229 31 4
229 32 3
229 45 3
229 47 4
229 48 3
229 50 4
229 52 3
229 53 3
229 55 3
229 56 3
229 58 3
229 62 3
229 63 3
229 64 4
229 66 3
229 68 3
229 69 4
229 70 2
229 72 3
229 73 3
229 77 3
229 79 4
229 81 3
229 82 3
229 83 3
229 85 5
229 86 3
229 87 4
229 88 4
229 89 4
229 90 3
229 91 3
229 92 4
229 93 4
229 95 3
229 96 4
229 97 3
229 101 3
229 109 3
229 114 3
229 117 4
229 118 3
229 123 3
229 124 4
229 127 4
229 128 4
229 132 4
229 133 3
229 134 3
229 137 4
229 140 2
229 141 3
229 143 4
229 144 4
229 150 3
229 151 3
229 153 3
229 154 4
229 157 4
229 159 3
229 161 3
229 162 4
229 163 3
229 164 4
229 165 4
229 166 2
229 168 4
229 170 3
229 172 4
229 174 4
229 178 3
229 179 4
229 181 4
229 183 4
229 184 4
229 185 4
229 186 4
229 188 3
229 190 4
229 191 4
229 193 4
229 195 4
229 197 4
229 201 2
229 202 4
229 203 4
229 207 3
229 208 4
229 209 4
229 210 3
229 211 3
229 214 3
229 216 3
229 218 4
229 219 2
229 223 4
229 225 3
229 229 2
229 232 2
229 233 3
229 237 3
229 238 4
229 248 3
229 249 3
229 250 5
229 258 3
229 264 3
229 265 4
229 273 3
229 274 2
229 275 3
229 276 3
229 277 3
229 280 3
229 281 3
229 282 4
229 283 5
229 288 3
229 290 3
229 291 2
229 298 3
229 301 4
229 318 4
229 319 3
229 321 3
229 340 1
229 356 3
229 365 4
229 366 2
229 367 2
229 371 3
229 378 4
229 385 3
229 387 2
229 392 4
229 393 3
229 403 3
229 404 3
229 405 2
229 410 3
229 411 2
229 415 3
229 418 2
229 419 3
229 423 4
229 427 4
229 428 4
229 431 3
229 432 3
229 433 3
229 435 4
229 436 4
229 441 3
229 448 3
229 455 3
229 457 3
229 464 3
229 466 3
229 467 5
229 468 2
229 470 3
229 473 2
229 475 1
229 480 3
229 481 4
229 482 2
229 483 4
229 484 4
229 485 3
229 491 3
229 493 4
229 495 3
229 496 4
229 499 3
229 500 3
229 502 4
229 504 3
229 505 2
229 508 2
229 511 4
229 514 3
229 520 4
229 527 4
229 531 3
229 535 3
229 537 2
229 546 2
229 549 3
229 550 4
229 566 3
229 568 4
229 569 3
229 570 3
229 578 3
229 581 4
229 584 3
229 591 3
229 602 3
229 603 4
229 611 2
229 625 2
229 627 2
229 628 2
229 629 3
229 631 3
229 633 3
229 635 3
229 636 3
229 640 2
229 642 3
229 652 2
229 654 4
229 655 4
229 658 2
229 662 2
229 665 3
229 671 4
229 672 2
229 673 3
229 679 3
229 684 3
229 692 2
229 693 4
229 700 3
229 702 4
229 705 3
229 708 3
229 709 3
229 710 2
229 726 3
229 729 3
229 732 3
229 735 4
229 742 2
229 744 3
229 747 3
229 755 3
229 756 2
229 761 4
229 762 3
229 763 4
229 768 3
229 780 1
229 794 3
229 804 3
229 805 3
229 806 3
229 820 1
229 826 2
229 833 3
229 845 4
229 847 3
229 921 3
229 928 3
229 941 2
229 944 2
229 961 3
229 967 3
229 972 3
230 9 4
230 10 4
230 12 4
230 19 3
230 42 3
230 50 4
230 56 4
230 98 4
230 100 4
230 101 2
230 117 3
230 129 4
230 137 4
230 152 3
230 164 4
230 165 4
230 181 4
230 221 3
230 222 4
230 234 4
230 237 3
230 248 3
230 253 3
230 258 4
230 264 4
230 273 3
230 276 4
230 286 4
230 288 3
230 293 3
230 294 3
230 300 3
230 302 4
230 318 4
230 328 3
230 436 4
230 514 4
230 515 4
230 527 4
230 528 4
230 547 2
230 628 4
230 674 3
231 286 3
231 307 3
231 322 3
231 323 3
231 327 3
231 358 3
231 538 2
231 690 4
231 748 3
231 879 3
231 988 1
232 1 4
232 7 4
232 24 3
232 50 4
232 93 4
232 100 4
232 108 4
232 109 3
232 111 3
232 117 4
232 118 3
232 121 4
232 123 3
232 151 3
232 181 4
232 222 4
232 246 4
232 248 4
232 249 3
232 250 4
232 257 3
232 258 4
232 274 3
232 276 4
232 284 3
232 294 3
232 295 4
232 300 4
232 315 4
232 322 2
232 405 3
232 410 3
232 411 3
232 471 3
232 508 4
232 546 3
232 620 3
232 628 4
232 678 3
232 742 3
232 763 3
232 815 3
232 844 2
232 845 3
233 59 4
233 60 3
233 95 4
233 173 4
233 174 4
233 194 4
233 246 4
233 268 4
233 269 3
233 273 4
233 276 4
233 293 4
233 302 4
233 303 4
233 322 3
233 323 3
233 326 4
233 333 3
233 340 3
233 435 4
233 474 4
233 507 3
233 657 4
233 682 3
233 690 3
233 748 3
233 754 4
233 919 3
234 9 4
234 111 4
234 121 4
234 125 3
234 147 3
234 148 2
234 151 3
234 225 3
234 274 4
234 275 4
234 283 4
234 287 3
234 288 3
234 347 4
234 369 2
234 406 1
234 471 3
234 476 2
234 546 3
234 628 4
234 756 3
234 763 2
234 815 3
234 819 2
234 833 2
234 844 1
234 928 3
234 975 3
235 1 4
235 3 3
235 4 3
235 5 3
235 7 4
235 9 4
235 11 4
235 12 4
235 15 4
235 21 2
235 22 4
235 23 4
235 24 3
235 25 3
235 27 3
235 28 4
235 31 3
235 38 2
235 40 3
235 42 3
235 45 4
235 49 3
235 50 4
235 52 4
235 54 3
235 62 3
235 63 3
235 64 4
235 67 3
235 68 3
235 69 4
235 71 4
235 72 3
235 73 3
235 80 3
235 82 3
235 83 4
235 85 3
235 86 4
235 89 4
235 95 3
235 96 4
235 100 4
235 105 2
235 108 3
235 109 3
235 111 3
235 115 4
235 117 4
235 118 3
235 121 3
235 122 2
235 123 3
235 125 3
235 128 3
235 132 4
235 135 4
235 136 3
235 141 3
235 148 2
235 151 4
235 152 3
235 153 3
235 154 3
235 156 4
235 157 4
235 159 3
235 160 3
235 161 3
235 162 3
235 163 3
235 164 4
235 167 3
235 168 4
235 171 4
235 172 4
235 173 4
235 174 4
235 175 4
235 176 4
235 182 4
235 183 4
235 184 3
235 185 4
235 186 4
235 187 4
235 188 3
235 190 4
235 191 4
235 195 4
235 196 4
235 199 4
235 200 3
235 204 4
235 206 4
235 211 4
235 214 3
235 215 4
235 216 4
235 217 2
235 218 3
235 219 2
235 222 4
235 225 3
235 226 3
235 227 3
235 228 4
235 229 3
235 230 3
235 234 4
235 239 3
235 240 2
235 245 3
235 246 4
235 250 4
235 252 3
235 254 1
235 255 2
235 257 3
235 258 4
235 260 1
235 264 2
235 273 3
235 284 3
235 290 3
235 291 3
235 294 3
235 299 3
235 300 4
235 307 4
235 313 4
235 317 3
235 318 4
235 321 4
235 327 3
235 331 3
235 338 3
235 343 3
235 351 3
235 354 4
235 357 4
235 358 3
235 367 3
235 369 2
235 376 3
235 380 4
235 381 4
235 382 4
235 384 2
235 385 3
235 386 3
235 392 3
235 393 3
235 394 3
235 399 3
235 402 3
235 403 3
235 404 3
235 410 3
235 411 3
235 413 2
235 423 4
235 424 3
235 431 4
235 433 4
235 434 4
235 435 4
235 436 4
235 443 4
235 447 3
235 448 3
235 451 3
235 455 2
235 462 3
235 465 3
235 470 3
235 473 3
235 474 4
235 476 2
235 520 5
235 541 3
235 542 3
235 546 3
235 550 4
235 554 2
235 561 3
235 566 3
235 567 3
235 568 3
235 569 3
235 571 3
235 572 3
235 573 1
235 576 3
235 577 3
235 578 3
235 584 3
235 587 3
235 588 4
235 597 3
235 616 3
235 625 3
235 628 4
235 631 3
235 637 3
235 640 3
235 649 3
235 652 3
235 655 4
235 659 4
235 665 3
235 672 3
235 673 4
235 675 3
235 679 3
235 684 3
235 693 4
235 696 3
235 697 3
235 710 3
235 713 4
235 715 3
235 717 3
235 720 3
235 729 3
235 732 3
235 743 2
235 746 4
235 748 2
235 751 2
235 752 3
235 756 2
235 760 2
235 762 3
235 780 2
235 781 3
235 786 3
235 790 3
235 792 3
235 797 3
235 800 3
235 820 2
235 821 2
235 825 4
235 826 2
235 831 3
235 834 2
235 841 3
235 845 3
235 862 2
235 885 3
235 890 3
235 895 3
235 924 3
235 926 1
235 928 3
235 929 3
235 943 3
235 944 2
235 961 4
235 977 2
235 983 3
236 21 3
236 23 5
236 26 3
236 38 4
236 39 4
236 43 3
236 47 4
236 65 4
236 66 4
236 72 4
236 73 4
236 83 4
236 90 3
236 92 4
236 95 4
236 96 4
236 98 5
236 102 3
236 111 4
236 125 4
236 132 4
236 133 4
236 157 4
236 159 4
236 161 4
236 168 5
236 172 5
236 174 5
236 179 4
236 186 4
236 200 4
236 204 4
236 215 4
236 216 4
236 217 4
236 218 4
236 219 3
236 226 4
236 238 5
236 265 5
236 276 4
236 287 4
236 288 4
236 313 5
236 325 4
236 327 5
236 340 4
236 347 5
236 367 4
236 381 4
236 392 4
236 400 2
236 411 4
236 433 4
236 447 4
236 454 3
236 503 4
236 504 4
236 506 5
236 537 4
236 546 3
236 553 4
236 559 4
236 568 4
236 581 5
236 585 4
236 595 3
236 628 4
236 642 4
236 649 4
236 655 4
236 658 4
236 660 4
236 708 4
236 710 4
236 715 4
236 721 3
236 723 4
236 739 4
236 742 4
236 746 4
236 748 3
236 761 3
236 762 4
236 785 4
236 787 3
236 790 3
236 794 4
236 821 4
236 845 4
236 895 4
236 974 3
237 5 1
237 11 2
237 12 4
237 14 4
237 28 3
237 30 3
237 42 3
237 47 3
237 50 4
237 56 4
237 58 4
237 65 3
237 69 3
237 70 3
237 77 4
237 79 3
237 82 2
237 83 3
237 86 3
237 87 4
237 88 4
237 89 4
237 90 3
237 91 2
237 95 3
237 97 3
237 98 4
237 99 4
237 111 3
237 116 4
237 118 2
237 124 5
237 131 4
237 132 4
237 133 4
237 134 4
237 137 5
237 143 3
237 144 4
237 145 1
237 151 3
237 154 4
237 155 3
237 161 3
237 162 3
237 166 3
237 168 4
237 170 4
237 173 4
237 174 4
237 176 3
237 179 3
237 180 4
237 181 3
237 183 3
237 185 4
237 186 3
237 190 4
237 191 4
237 195 3
237 197 4
237 204 4
237 207 3
237 208 4
237 211 4
237 212 3
237 213 4
237 214 3
237 216 3
237 217 1
237 218 3
237 219 1
237 229 3
237 234 4
237 237 4
237 238 4
237 239 4
237 244 3
237 253 3
237 254 3
237 265 4
237 275 4
237 276 3
237 281 2
237 283 4
237 286 3
237 287 3
237 288 3
237 292 5
237 301 2
237 318 4
237 378 3
237 381 3
237 393 3
237 402 3
237 404 4
237 412 3
237 415 3
237 418 2
237 419 3
237 421 2
237 423 4
237 428 4
237 432 4
237 433 3
237 435 4
237 436 3
237 447 3
237 450 3
237 451 3
237 463 4
237 466 4
237 473 3
237 478 4
237 480 4
237 482 3
237 483 4
237 484 4
237 485 4
237 496 4
237 497 4
237 499 3
237 501 4
237 507 3
237 512 3
237 514 4
237 517 3
237 518 3
237 521 3
237 523 4
237 559 3
237 566 3
237 581 4
237 582 4
237 583 1
237 584 3
237 588 3
237 603 4
237 607 3
237 614 4
237 629 2
237 640 2
237 642 3
237 651 4
237 652 4
237 654 4
237 655 4
237 657 4
237 660 4
237 663 3
237 665 3
237 672 1
237 674 2
237 683 2
237 684 3
237 692 3
237 696 3
237 697 3
237 698 3
237 699 3
237 702 2
237 705 4
237 707 3
237 708 3
237 709 4
237 710 2
237 727 3
237 730 3
237 732 3
237 736 4
237 737 3
237 739 4
237 746 3
237 747 3
237 748 3
237 753 3
237 755 3
237 770 4
237 778 1
237 781 3
237 794 3
237 812 2
237 842 3
237 843 5
237 946 3
237 955 4
237 969 3
238 15 5
238 21 3
238 100 5
238 118 4
238 121 5
238 181 4
238 220 3
238 237 4
238 245 3
238 255 4
238 269 4
238 280 4
238 286 4
238 321 4
238 471 4
238 476 3
238 815 4
238 866 4
239 7 4
239 13 4
239 14 4
239 100 4
239 121 4
239 147 3
239 237 4
239 240 3
239 242 4
239 246 4
239 257 4
239 273 4
239 276 4
239 282 4
239 285 4
239 288 3
239 301 3
239 405 3
239 475 3
239 591 4
239 895 2
240 70 2
240 171 4
240 198 3
240 242 3
240 243 2
240 271 2
240 272 3
240 283 4
240 300 3
240 310 3
240 312 2
240 313 4
240 328 3
240 329 3
240 340 2
240 350 2
240 512 4
240 515 3
240 582 3
240 690 3
240 736 3
240 749 2
240 750 5
240 751 5
240 886 3
240 904 3
240 921 3
240 937 4
241 1 4
241 7 5
241 9 5
241 15 4
241 25 4
241 121 4
241 259 3
241 288 4
241 294 4
241 683 3
242 7 4
242 11 3
242 12 4
242 14 2
242 17 2
242 22 3
242 26 2
242 27 2
242 29 2
242 31 3
242 33 2
242 38 2
242 39 2
242 41 2
242 42 3
242 44 3
242 53 3
242 54 2
242 55 2
242 56 4
242 62 2
242 64 3
242 67 2
242 68 2
242 79 3
242 82 1
242 98 3
242 100 4
242 117 3
242 129 3
242 144 3
242 150 2
242 154 3
242 156 3
242 159 3
242 161 1
242 168 3
242 174 3
242 176 3
242 177 2
242 182 3
242 184 3
242 186 3
242 195 4
242 203 3
242 204 3
242 209 4
242 210 3
242 219 2
242 226 3
242 228 2
242 229 2
242 230 2
242 231 2
242 234 4
242 240 2
242 273 2
242 276 3
242 281 2
242 286 2
242 288 3
242 294 2
242 318 1
242 342 2
242 350 2
242 367 2
242 385 3
242 401 2
242 403 3
242 410 2
242 436 3
242 449 2
242 452 3
242 482 1
242 508 4
242 546 2
242 554 1
242 559 2
242 569 3
242 572 1
242 576 2
242 578 1
242 591 3
242 628 3
242 635 2
242 636 2
242 672 1
242 684 2
242 685 2
242 695 2
242 710 2
242 746 2
242 769 1
242 780 2
242 800 1
242 810 2
242 834 1
242 873 2
242 943 2
242 975 3
243 12 5
243 271 4
243 309 2
243 313 5
243 340 4
243 343 4
243 358 4
243 644 5
243 678 4
243 687 4
244 9 4
244 50 4
244 100 4
244 245 3
244 251 4
244 258 4
244 275 4
244 748 2
244 751 3
244 906 1
244 912 4
244 916 1
245 7 2
245 9 2
245 23 2
245 28 1
245 50 2
245 55 2
245 64 2
245 79 1
245 87 2
245 100 2
245 117 1
245 118 2
245 121 2
245 123 2
245 127 2
245 144 2
245 147 1
245 150 1
245 174 2
245 181 2
245 195 2
245 203 3
245 204 2
245 208 2
245 209 2
245 221 1
245 235 1
245 237 1
245 245 1
245 246 2
245 248 2
245 273 1
245 276 2
245 291 1
245 293 2
245 295 2
245 310 1
245 313 2
245 324 1
245 325 1
245 330 1
245 333 1
245 340 1
245 346 2
245 405 1
245 408 2
245 410 1
245 460 1
245 475 1
245 479 2
245 480 2
245 504 2
245 544 1
245 591 3
245 595 2
245 597 1
245 603 2
245 628 2
245 644 2
245 689 1
245 742 2
245 744 2
245 748 1
245 762 1
245 763 1
245 818 1
245 823 2
245 829 1
245 831 1
245 840 1
245 844 1
245 845 1
245 881 1
245 886 2
245 895 1
245 908 1
245 919 1
245 959 1
245 979 2
246 268 3
246 269 3
246 270 3
246 288 3
246 292 3
246 294 2
246 301 2
246 302 3
246 303 2
246 326 3
246 327 2
246 328 2
246 332 3
246 334 3
246 359 2
246 688 2
246 690 3
246 754 4
246 883 2
246 887 3
246 888 1
247 1 5
247 5 4
247 7 5
247 9 5
247 11 5
247 17 4
247 27 4
247 28 5
247 31 4
247 55 4
247 56 5
247 65 4
247 68 4
247 69 4
247 70 4
247 89 5
247 91 4
247 96 5
247 98 5
247 100 5
247 111 5
247 117 4
247 123 4
247 135 5
247 144 5
247 147 4
247 148 3
247 150 4
247 151 4
247 153 4
247 156 5
247 157 4
247 158 4
247 174 5
247 176 4
247 180 4
247 183 5
247 204 4
247 206 4
247 209 5
247 218 5
247 222 4
247 227 3
247 231 3
247 233 3
247 234 4
247 248 4
247 252 4
247 260 2
247 281 4
247 284 4
247 286 5
247 288 5
247 290 3
247 293 4
247 298 5
247 300 4
247 367 4
247 405 4
247 410 4
247 435 5
247 447 4
247 469 3
247 470 3
247 483 5
247 484 5
247 498 5
247 544 3
247 546 4
247 559 4
247 582 4
247 591 4
247 597 4
247 629 4
247 642 4
247 678 3
247 742 5
247 748 3
247 760 4
247 815 4
247 823 4
247 845 4
247 866 4
247 926 3
247 963 5
247 981 4
248 262 2
248 268 4
248 269 3
248 271 3
248 286 4
248 292 4
248 301 3
248 303 3
248 305 3
248 307 3
248 319 3
248 321 2
248 327 3
248 333 3
248 338 2
248 340 3
248 344 3
248 750 3
248 884 2
248 896 4
248 900 4
248 902 2
249 9 4
249 15 4
249 59 4
249 60 3
249 61 3
249 100 4
249 117 2
249 118 3
249 122 4
249 127 4
249 137 4
249 170 4
249 171 3
249 179 4
249 212 3
249 224 4
249 248 3
249 251 3
249 269 4
249 273 3
249 276 4
249 285 4
249 286 3
249 288 3
249 291 3
249 293 4
249 310 2
249 337 3
249 381 4
249 410 3
249 459 3
249 473 3
249 546 2
249 558 3
249 742 2
249 748 2
249 753 4
249 763 2
249 936 3
249 983 3
250 1 4
250 2 4
250 3 4
250 4 4
250 7 5
250 10 4
250 12 5
250 13 4
250 15 5
250 26 4
250 28 5
250 29 4
250 35 4
250 38 4
250 39 4
250 49 4
250 51 4
250 54 4
250 56 5
250 58 4
250 60 4
250 64 5
250 65 4
250 66 4
250 67 3
250 70 4
250 71 5
250 73 4
250 77 4
250 79 5
250 80 3
250 81 4
250 82 5
250 83 4
250 86 4
250 87 4
250 88 4
250 89 5
250 90 4
250 92 4
250 94 4
250 95 5
250 97 4
250 98 5
250 99 5
250 100 5
250 101 4
250 110 3
250 112 3
250 114 5
250 117 4
250 121 4
250 123 4
250 125 4
250 126 4
250 127 5
250 131 4
250 132 5
250 133 4
250 134 5
250 135 5
250 136 4
250 139 4
250 141 5
250 142 3
250 143 5
250 144 4
250 145 2
250 152 4
250 153 5
250 154 4
250 155 3
250 157 5
250 158 4
250 161 4
250 162 4
250 163 4
250 164 5
250 166 3
250 167 4
250 168 5
250 169 5
250 173 5
250 174 5
250 176 5
250 177 5
250 179 5
250 180 5
250 182 5
250 183 5
250 185 5
250 187 5
250 191 5
250 192 4
250 193 5
250 194 5
250 195 5
250 196 5
250 197 4
250 199 5
250 200 4
250 202 4
250 203 5
250 204 5
250 205 3
250 207 4
250 208 5
250 210 5
250 211 5
250 215 5
250 216 4
250 218 4
250 222 5
250 223 5
250 225 4
250 226 4
250 227 4
250 229 4
250 231 4
250 233 5
250 237 5
250 238 5
250 239 5
250 241 4
250 245 4
250 252 5
250 254 2
250 258 5
250 264 4
250 265 5
250 269 4
250 270 4
250 272 4
250 274 4
250 275 5
250 277 5
250 278 4
250 280 4
250 281 4
250 282 4
250 283 4
250 288 4
250 290 4
250 292 4
250 294 4
250 299 4
250 300 4
250 301 4
250 302 4
250 304 4
250 305 4
250 310 5
250 311 3
250 312 5
250 313 5
250 315 4
250 316 5
250 328 4
250 332 4
250 340 4
250 354 4
250 357 5
250 367 4
250 371 4
250 373 4
250 378 4
250 380 5
250 381 4
250 382 5
250 383 2
250 384 3
250 385 4
250 387 4
250 393 4
250 395 3
250 396 5
250 400 2
250 401 5
250 402 4
250 414 4
250 416 4
250 417 4
250 418 4
250 419 3
250 421 5
250 422 5
250 428 5
250 431 4
250 432 4
250 433 5
250 434 4
250 435 5
250 443 5
250 448 4
250 451 4
250 455 4
250 462 4
250 465 4
250 467 4
250 469 4
250 470 4
250 471 4
250 472 3
250 474 5
250 476 4
250 477 3
250 478 5
250 479 5
250 480 5
250 481 5
250 482 5
250 483 5
250 484 5
250 487 3
250 488 4
250 490 4
250 491 4
250 493 4
250 494 4
250 495 5
250 496 4
250 497 4
250 499 4
250 500 5
250 502 5
250 503 4
250 505 3
250 506 5
250 507 5
250 509 4
250 510 5
250 511 5
250 514 4
250 518 5
250 520 5
250 523 5
250 525 5
250 526 4
250 527 5
250 528 5
250 530 5
250 535 4
250 549 5
250 550 4
250 553 3
250 557 4
250 558 4
250 559 4
250 561 3
250 566 4
250 568 4
250 570 4
250 582 5
250 583 4
250 589 5
250 591 5
250 602 5
250 604 3
250 606 4
250 607 4
250 608 4
250 609 3
250 610 5
250 611 3
250 612 5
250 613 4
250 614 5
250 618 4
250 620 4
250 622 4
250 629 4
250 630 5
250 631 4
250 632 4
250 633 5
250 637 4
250 642 4
250 647 5
250 648 5
250 650 4
250 651 5
250 655 5
250 657 5
250 659 5
250 660 5
250 661 5
250 663 5
250 673 4
250 679 4
250 685 4
250 686 5
250 689 3
250 692 4
250 693 4
250 700 3
250 704 3
250 705 5
250 707 4
250 708 4
250 709 4
250 710 3
250 712 4
250 714 5
250 715 4
250 716 4
250 717 3
250 723 4
250 727 5
250 728 3
250 729 4
250 731 4
250 735 5
250 736 5
250 742 4
250 747 4
250 748 3
250 751 4
250 761 2
250 762 4
250 765 4
250 771 3
250 774 2
250 775 4
250 778 4
250 783 4
250 785 4
250 790 3
250 792 5
250 794 4
250 801 4
250 807 4
250 815 4
250 821 4
250 823 5
250 832 4
250 837 4
250 842 4
250 845 5
250 846 4
250 847 4
250 865 4
250 869 4
250 873 4
250 878 3
250 900 4
250 902 3
250 904 4
250 905 4
250 908 4
250 921 4
250 923 5
250 926 3
250 928 4
250 934 4
250 936 4
250 939 4
250 940 3
250 942 4
250 951 3
250 956 4
250 965 4
250 966 4
250 967 4
250 969 4
251 242 4
251 243 1
251 259 1
251 260 1
251 262 2
251 268 3
251 269 2
251 270 3
251 286 2
251 288 2
251 289 2
251 292 2
251 294 2
251 299 2
251 300 2
251 301 1
251 303 2
251 305 3
251 307 2
251 308 2
251 319 2
251 322 2
251 323 2
251 325 1
251 327 2
251 328 2
251 329 1
251 330 3
251 331 3
251 332 2
251 333 2
251 336 2
251 337 2
251 359 2
251 360 3
251 457 1
251 680 2
251 681 2
251 682 1
251 687 1
251 749 2
251 872 2
251 874 2
251 875 1
251 877 1
251 879 2
251 880 1
251 881 1
251 882 2
251 883 2
251 884 1
251 937 2
251 938 2
251 984 1
251 989 2
251 991 2
251 995 2
252 7 4
252 8 4
252 14 5
252 22 4
252 25 3
252 27 3
252 45 4
252 48 5
252 52 4
252 58 4
252 60 5
252 61 4
252 62 4
252 64 5
252 66 4
252 69 4
252 70 3
252 73 3
252 86 3
252 88 4
252 89 4
252 96 4
252 97 4
252 99 4
252 111 4
252 121 4
252 124 5
252 127 5
252 132 4
252 134 4
252 135 4
252 136 4
252 143 3
252 152 4
252 154 4
252 156 4
252 161 4
252 162 4
252 163 3
252 168 4
252 170 5
252 171 4
252 173 4
252 174 4
252 180 4
252 181 4
252 183 4
252 185 4
252 186 4
252 187 4
252 188 3
252 191 4
252 194 4
252 195 4
252 197 4
252 201 3
252 202 4
252 203 4
252 204 4
252 207 4
252 212 3
252 216 4
252 234 4
252 237 4
252 243 2
252 245 3
252 259 2
252 269 4
252 276 3
252 286 3
252 294 2
252 318 4
252 371 3
252 384 3
252 404 4
252 418 3
252 419 3
252 420 4
252 423 4
252 427 4
252 430 4
252 432 4
252 435 4
252 443 4
252 455 4
252 458 3
252 461 4
252 462 5
252 465 3
252 467 5
252 472 3
252 479 4
252 482 4
252 483 4
252 485 4
252 488 4
252 491 4
252 492 5
252 494 4
252 495 4
252 496 4
252 498 4
252 502 4
252 506 4
252 510 4
252 513 4
252 517 4
252 518 4
252 521 4
252 523 4
252 526 4
252 530 4
252 531 4
252 554 3
252 576 3
252 588 3
252 597 3
252 603 4
252 609 2
252 614 5
252 615 4
252 624 3
252 631 4
252 636 3
252 641 4
252 648 4
252 654 4
252 659 4
252 660 4
252 684 4
252 729 4
252 736 4
252 780 2
252 781 4
252 792 4
252 805 4
252 815 4
252 863 4
252 874 5
252 924 2
252 947 4
252 969 4
252 971 3
253 3 3
253 4 3
253 7 4
253 9 4
253 11 4
253 12 4
253 17 3
253 22 4
253 24 3
253 33 3
253 42 4
253 48 4
253 49 3
253 50 4
253 53 3
253 59 4
253 68 3
253 69 3
253 73 3
253 79 4
253 80 3
253 93 4
253 94 3
253 97 3
253 98 4
253 100 4
253 117 3
253 122 2
253 125 3
253 132 4
253 143 3
253 154 4
253 156 4
253 157 4
253 158 3
253 164 4
253 168 4
253 172 4
253 174 4
253 181 4
253 186 4
253 188 3
253 196 4
253 204 4
253 210 4
253 231 3
253 233 3
253 238 4
253 239 4
253 246 4
253 248 3
253 254 1
253 258 4
253 268 4
253 276 4
253 288 4
253 298 4
253 318 4
253 354 3
253 356 3
253 357 4
253 364 2
253 367 3
253 369 2
253 384 3
253 385 4
253 393 3
253 401 3
253 402 3
253 410 3
253 412 2
253 416 3
253 421 4
253 423 4
253 424 2
253 427 4
253 456 2
253 471 3
253 475 4
253 476 3
253 496 4
253 508 4
253 509 4
253 515 4
253 550 3
253 552 3
253 566 3
253 568 4
253 578 3
253 586 2
253 591 4
253 628 4
253 651 4
253 655 4
253 684 4
253 693 3
253 697 4
253 717 3
253 721 3
253 742 3
253 871 2
253 959 4
253 963 5
253 975 4
254 1 3
254 11 3
254 12 3
254 15 3
254 22 3
254 28 3
254 50 3
254 51 2
254 55 3
254 56 3
254 58 3
254 66 2
254 69 3
254 70 2
254 73 2
254 76 3
254 77 3
254 79 3
254 82 2
254 87 3
254 88 3
254 89 3
254 96 3
254 97 2
254 98 3
254 99 3
254 100 3
254 107 2
254 114 3
254 117 3
254 118 2
254 121 3
254 124 3
254 131 2
254 133 2
254 134 3
254 136 3
254 143 2
254 144 3
254 153 3
254 161 2
254 162 2
254 164 3
254 169 3
254 172 3
254 173 3
254 174 3
254 181 3
254 182 3
254 185 3
254 191 3
254 195 3
254 196 3
254 197 3
254 199 3
254 202 3
254 203 3
254 204 3
254 210 3
254 211 3
254 215 3
254 222 3
254 228 3
254 234 3
254 237 2
254 245 2
254 248 2
254 250 3
254 255 2
254 257 3
254 258 3
254 259 1
254 260 1
254 270 3
254 272 3
254 277 2
254 279 4
254 286 3
254 289 2
254 293 3
254 300 2
254 310 3
254 315 3
254 316 3
254 317 3
254 318 3
254 322 2
254 323 2
254 326 2
254 356 3
254 357 3
254 378 2
254 385 3
254 392 2
254 414 3
254 418 2
254 419 2
254 423 3
254 427 3
254 431 2
254 434 3
254 435 3
254 451 2
254 465 2
254 468 2
254 474 3
254 478 3
254 479 3
254 482 3
254 483 3
254 484 3
254 485 3
254 487 2
254 490 3
254 492 3
254 493 3
254 496 3
254 497 3
254 507 2
254 509 3
254 519 3
254 520 3
254 526 2
254 528 3
254 531 3
254 566 3
254 568 3
254 603 3
254 605 2
254 607 2
254 610 2
254 612 3
254 614 3
254 627 2
254 631 2
254 633 3
254 642 3
254 649 3
254 651 3
254 654 3
254 655 3
254 657 3
254 659 3
254 660 3
254 661 3
254 678 2
254 685 2
254 686 3
254 692 2
254 693 2
254 694 3
254 705 3
254 707 2
254 724 3
254 735 3
254 736 3
254 740 2
254 742 2
254 746 3
254 836 2
254 837 3
254 842 2
254 873 1
254 875 1
254 879 2
254 939 3
254 945 3
254 956 3
254 968 3
255 1 4
255 2 3
255 4 4
255 7 4
255 8 4
255 9 4
255 12 5
255 14 4
255 17 3
255 20 4
255 24 3
255 25 3
255 31 4
255 39 3
255 40 3
255 42 4
255 44 4
255 47 4
255 53 3
255 56 4
255 57 5
255 58 4
255 64 5
255 69 4
255 70 3
255 71 4
255 87 4
255 95 4
255 96 4
255 97 4
255 98 4
255 100 5
255 118 3
255 123 3
255 125 4
255 126 3
255 127 4
255 135 4
255 148 3
255 161 4
255 170 4
255 174 5
255 176 4
255 191 4
255 196 4
255 197 4
255 204 4
255 214 3
255 217 3
255 222 4
255 223 5
255 228 4
255 234 4
255 237 4
255 241 4
255 245 3
255 252 3
255 255 3
255 257 4
255 265 4
255 270 4
255 275 4
255 276 4
255 277 4
255 279 5
255 281 3
255 282 4
255 288 4
255 289 3
255 291 4
255 292 5
255 293 4
255 300 4
255 301 3
255 304 4
255 307 3
255 313 5
255 317 4
255 318 4
255 321 3
255 323 3
255 334 4
255 343 3
255 380 3
255 382 3
255 393 4
255 402 4
255 405 3
255 423 4
255 428 5
255 447 4
255 455 3
255 462 4
255 465 3
255 471 4
255 475 2
255 504 4
255 508 4
255 511 5
255 515 4
255 518 4
255 529 4
255 531 4
255 582 4
255 584 3
255 591 4
255 597 3
255 627 4
255 628 4
255 629 4
255 647 4
255 660 4
255 678 3
255 692 4
255 694 5
255 709 4
255 724 4
255 727 3
255 738 3
255 747 4
255 755 3
255 778 4
255 898 1
255 934 3
255 939 4
256 1 4
256 3 3
256 4 4
256 9 4
256 12 4
256 13 4
256 22 4
256 23 4
256 32 4
256 42 4
256 46 4
256 50 4
256 53 3
256 54 4
256 57 5
256 60 4
256 61 4
256 68 3
256 69 4
256 71 4
256 79 4
256 80 3
256 86 4
256 91 4
256 92 4
256 95 4
256 97 3
256 100 4
256 101 3
256 111 4
256 121 3
256 125 3
256 127 4
256 133 4
256 135 4
256 143 4
256 161 3
256 168 4
256 170 4
256 172 4
256 174 4
256 175 4
256 177 4
256 179 4
256 181 4
256 182 4
256 185 4
256 186 4
256 187 4
256 188 4
256 194 4
256 196 4
256 197 4
256 200 4
256 202 4
256 210 4
256 211 4
256 218 4
256 222 4
256 226 4
256 228 4
256 231 3
256 232 3
256 234 4
256 238 4
256 268 4
256 273 4
256 274 4
256 282 4
256 286 4
256 294 3
256 325 3
256 346 4
256 357 4
256 366 4
256 369 2
256 380 4
256 403 4
256 410 3
256 414 4
256 419 3
256 421 4
256 423 4
256 427 4
256 431 4
256 432 4
256 433 4
256 443 4
256 448 3
256 449 3
256 452 3
256 460 2
256 461 4
256 462 4
256 474 4
256 475 4
256 479 4
256 484 4
256 490 4
256 498 4
256 505 3
256 506 4
256 508 4
256 523 4
256 546 3
256 559 3
256 568 4
256 578 3
256 581 4
256 582 4
256 603 4
256 608 4
256 616 3
256 640 3
256 655 4
256 658 4
256 660 4
256 662 3
256 672 3
256 673 4
256 693 4
256 696 4
256 708 3
256 710 3
256 715 4
256 720 2
256 721 3
256 737 3
256 743 2
256 763 3
256 789 4
256 806 3
256 818 4
256 845 3
256 864 2
256 919 4
256 922 5
256 933 2
256 943 3
256 955 4
256 959 4
256 963 5
256 979 4
256 985 3
257 4 4
257 7 5
257 8 4
257 9 5
257 11 5
257 12 5
257 14 5
257 15 4
257 20 4
257 27 4
257 31 5
257 38 4
257 44 5
257 45 5
257 48 5
257 50 5
257 51 4
257 52 5
257 53 4
257 54 5
257 56 5
257 57 5
257 58 4
257 59 5
257 62 4
257 64 5
257 65 4
257 66 4
257 70 4
257 77 4
257 79 5
257 82 4
257 83 4
257 86 4
257 89 5
257 91 4
257 94 4
257 96 5
257 97 4
257 100 5
257 105 3
257 114 5
257 117 4
257 118 4
257 122 3
257 127 5
257 132 5
257 134 5
257 137 5
257 143 4
257 144 4
257 148 4
257 151 4
257 155 3
257 156 5
257 157 5
257 161 4
257 162 5
257 164 4
257 168 5
257 172 5
257 173 5
257 174 5
257 176 5
257 180 5
257 181 5
257 182 5
257 183 5
257 185 5
257 186 5
257 190 5
257 191 5
257 192 5
257 193 5
257 194 5
257 195 5
257 196 5
257 197 5
257 200 5
257 203 5
257 204 5
257 209 5
257 214 5
257 215 5
257 216 5
257 218 5
257 219 3
257 226 5
257 229 4
257 230 4
257 231 4
257 232 4
257 234 5
257 235 3
257 237 4
257 239 5
257 240 4
257 241 4
257 243 3
257 248 4
257 257 5
257 258 5
257 265 5
257 282 5
257 285 5
257 288 5
257 304 4
257 318 5
257 357 5
257 366 4
257 370 4
257 372 5
257 373 4
257 378 5
257 380 5
257 385 4
257 393 4
257 395 4
257 401 3
257 402 5
257 403 4
257 405 4
257 410 4
257 411 4
257 412 4
257 417 4
257 425 5
257 428 5
257 436 5
257 443 5
257 448 4
257 450 4
257 452 4
257 453 3
257 455 4
257 456 4
257 458 5
257 462 5
257 469 5
257 470 4
257 471 4
257 472 4
257 473 4
257 474 5
257 476 4
257 483 5
257 500 4
257 507 4
257 509 5
257 527 5
257 529 4
257 531 5
257 540 4
257 546 4
257 549 5
257 553 4
257 559 4
257 566 4
257 568 5
257 582 5
257 584 4
257 588 4
257 597 4
257 623 3
257 628 5
257 629 4
257 631 5
257 632 4
257 636 4
257 640 4
257 651 5
257 655 5
257 658 4
257 664 5
257 673 4
257 679 5
257 692 4
257 699 5
257 704 4
257 708 4
257 709 5
257 717 4
257 720 4
257 722 3
257 727 5
257 729 4
257 732 4
257 739 4
257 742 5
257 744 5
257 747 4
257 755 5
257 756 4
257 758 3
257 769 4
257 770 4
257 775 4
257 783 4
257 792 5
257 819 5
257 825 4
257 841 3
257 845 5
257 871 3
257 931 3
257 934 4
257 948 4
257 949 4
257 959 5
257 980 4
258 8 5
258 9 5
258 12 4
258 13 4
258 14 5
258 20 4
258 23 4
258 25 4
258 28 4
258 32 3
258 48 4
258 50 5
258 57 4
258 58 4
258 86 4
258 96 4
258 98 4
258 117 4
258 121 4
258 124 4
258 126 4
258 127 4
258 129 4
258 134 5
258 143 4
258 144 4
258 147 4
258 152 4
258 169 5
258 174 5
258 178 4
258 179 4
258 180 4
258 181 4
258 182 4
258 183 4
258 189 5
258 190 4
258 191 4
258 192 4
258 193 4
258 195 4
258 203 4
258 208 4
258 209 5
258 234 4
258 237 4
258 238 4
258 245 3
258 250 4
258 255 4
258 273 4
258 278 4
258 282 4
258 283 4
258 284 3
258 285 5
258 286 4
258 287 4
258 288 4
258 293 3
258 298 4
258 301 3
258 304 4
258 307 4
258 317 4
258 318 5
258 319 5
258 321 4
258 330 2
258 333 5
258 346 4
258 357 5
258 387 3
258 405 3
258 408 5
258 410 3
258 423 5
258 425 4
258 427 5
258 430 4
258 467 5
258 469 4
258 473 4
258 474 4
258 496 4
258 509 4
258 514 4
258 517 3
258 521 4
258 526 4
258 529 4
258 530 4
258 546 3
258 582 4
258 588 4
258 589 4
258 591 4
258 597 4
258 603 4
258 632 4
258 644 4
258 648 5
258 651 5
258 654 4
258 663 4
258 685 4
258 694 4
258 696 4
258 704 3
258 709 5
258 717 3
258 736 4
258 742 4
258 750 4
258 753 4
258 792 5
258 844 2
258 847 4
258 896 5
258 925 4
258 939 4
258 952 3
258 956 4
258 980 3
259 1 4
259 3 4
259 7 4
259 8 3
259 15 3
259 16 3
259 19 3
259 22 4
259 25 3
259 100 4
259 108 4
259 111 4
259 117 3
259 120 1
259 121 3
259 123 4
259 134 4
259 147 2
259 148 2
259 164 4
259 172 4
259 174 5
259 181 4
259 194 4
259 216 3
259 220 4
259 222 4
259 225 3
259 230 4
259 245 2
259 249 4
259 250 4
259 255 3
259 258 5
259 264 3
259 278 3
259 282 5
259 286 3
259 289 5
259 291 4
259 295 4
259 300 4
259 301 3
259 322 3
259 323 3
259 328 4
259 332 4
259 333 3
259 336 4
259 357 3
259 358 4
259 411 3
259 472 3
259 473 4
259 523 3
259 546 3
259 568 5
259 596 2
259 597 5
259 651 3
259 676 5
259 678 3
259 685 4
259 687 3
259 742 4
259 748 2
259 815 2
259 825 3
259 827 4
259 832 3
259 846 5
259 864 3
259 866 3
259 873 3
259 879 4
259 934 3
259 969 3
259 978 2
259 989 3
260 1 4
260 7 4
260 10 4
260 14 4
260 20 4
260 117 4
260 127 4
260 129 3
260 146 3
260 221 3
260 224 4
260 242 4
260 248 4
260 250 4
260 253 4
260 257 4
260 258 4
260 273 4
260 275 4
260 276 4
260 279 3
260 286 4
260 289 4
260 294 4
260 297 4
260 301 4
260 302 4
260 303 4
260 307 4
260 311 3
260 322 3
260 327 4
260 458 4
260 515 5
260 532 5
260 591 4
260 676 3
260 713 4
260 744 4
261 121 4
261 158 3
261 242 4
261 255 3
261 269 3
261 285 4
261 302 4
261 304 3
261 319 3
261 347 3
261 682 3
262 11 4
262 22 5
262 100 4
262 136 5
262 237 4
262 259 3
262 271 4
262 288 4
262 289 4
262 292 4
262 300 4
262 313 5
262 321 4
262 332 3
262 358 3
262 678 3
262 682 3
262 866 4
262 895 4
263 3 2
263 7 2
263 10 2
263 14 3
263 15 3
263 20 3
263 24 1
263 50 3
263 93 3
263 100 3
263 103 1
263 107 3
263 112 1
263 116 3
263 117 2
263 121 2
263 124 3
263 126 2
263 127 3
263 137 4
263 147 2
263 149 2
263 150 3
263 151 2
263 221 3
263 224 3
263 225 2
263 235 2
263 242 3
263 243 2
263 244 2
263 248 2
263 249 2
263 250 2
263 253 4
263 257 3
263 258 2
263 268 3
263 270 2
263 274 2
263 282 2
263 283 3
263 284 2
263 285 3
263 288 2
263 301 2
263 304 3
263 306 3
263 311 2
263 319 3
263 347 3
263 362 2
263 455 2
263 472 2
263 473 2
263 475 3
263 477 3
263 508 3
263 544 3
263 593 2
263 596 2
263 597 2
263 689 3
263 741 1
263 744 2
263 751 3
263 819 2
263 845 3
263 864 3
263 870 2
263 880 2
263 887 4
263 926 1
263 930 3
263 950 3
263 952 1
263 988 5
263 993 3
264 16 3
264 116 3
264 176 5
264 181 5
264 194 5
264 248 4
264 258 4
264 260 4
264 269 4
264 286 4
264 289 4
264 293 4
264 298 4
264 300 4
264 301 4
264 321 4
264 322 4
264 328 4
264 333 4
264 358 4
264 482 4
264 603 5
264 678 3
264 705 5
264 709 4
264 748 3
264 879 4
265 1 4
265 7 3
265 8 4
265 12 5
265 22 4
265 28 4
265 32 4
265 56 4
265 64 5
265 87 4
265 97 4
265 100 4
265 109 4
265 114 5
265 132 5
265 134 4
265 136 4
265 143 4
265 154 4
265 169 4
265 172 4
265 174 4
265 175 4
265 179 4
265 180 4
265 181 4
265 190 4
265 191 4
265 194 4
265 198 4
265 199 4
265 202 4
265 257 4
265 258 4
265 283 4
265 286 4
265 300 3
265 318 5
265 319 3
265 395 2
265 404 4
265 423 4
265 428 4
265 474 4
265 475 4
265 478 4
265 481 4
265 496 4
265 529 4
265 584 3
265 588 4
265 603 4
265 615 5
265 638 4
265 651 4
265 656 5
265 705 4
265 855 4
266 2 3
266 11 4
266 22 5
266 24 3
266 27 3
266 50 5
266 55 4
266 56 4
266 62 4
266 79 4
266 87 4
266 89 4
266 95 4
266 96 4
266 98 4
266 117 4
266 127 4
266 128 3
266 144 4
266 174 5
266 181 4
266 182 4
266 183 5
266 184 3
266 187 4
266 188 4
266 210 4
266 231 3
266 232 3
266 258 4
266 265 4
266 268 4
266 269 4
266 273 4
266 288 3
266 292 5
266 294 3
266 302 4
266 306 4
266 308 3
266 313 4
266 315 4
266 321 3
266 324 4
266 326 4
266 327 3
266 328 4
266 331 3
266 333 3
266 334 3
266 346 4
266 349 2
266 350 3
266 354 3
266 357 4
266 385 4
266 405 3
266 455 4
266 518 4
266 546 3
266 550 4
266 566 4
266 568 4
266 651 5
266 682 2
266 748 3
266 873 1
266 882 4
266 885 2
266 898 2
266 902 4
266 908 2
266 995 4
267 7 4
267 10 4
267 24 4
267 50 5
267 93 4
267 100 5
267 108 4
267 109 4
267 150 4
267 240 3
267 246 4
267 248 4
267 249 3
267 264 3
267 268 4
267 269 4
267 273 4
267 276 4
267 298 4
267 327 4
267 340 4
267 455 3
267 475 4
267 742 4
267 762 4
267 919 3
268 1 4
268 4 4
268 7 4
268 8 4
268 13 4
268 15 4
268 19 3
268 22 4
268 23 4
268 25 3
268 31 3
268 39 3
268 42 4
268 47 3
268 51 3
268 56 4
268 58 4
268 69 3
268 70 3
268 71 4
268 95 4
268 96 4
268 97 4
268 98 4
268 100 4
268 111 4
268 116 4
268 118 3
268 121 3
268 126 4
268 132 4
268 137 4
268 144 3
268 150 4
268 153 4
268 157 4
268 159 3
268 160 4
268 170 4
268 172 4
268 173 4
268 178 4
268 180 4
268 181 4
268 182 4
268 191 4
268 192 4
268 195 4
268 200 3
268 209 4
268 214 2
268 216 4
268 222 4
268 238 4
268 246 4
268 251 4
268 257 4
268 258 4
268 273 4
268 283 4
268 285 4
268 293 4
268 294 3
268 297 3
268 318 4
268 321 3
268 357 4
268 367 3
268 377 1
268 405 3
268 411 3
268 423 4
268 427 4
268 428 4
268 435 4
268 462 4
268 469 3
268 471 3
268 475 4
268 498 4
268 507 4
268 529 4
268 544 3
268 582 4
268 603 4
268 612 4
268 642 3
268 655 4
268 662 4
268 692 3
268 699 4
268 724 4
268 742 4
268 826 2
268 856 4
268 926 2
268 952 3
269 64 5
269 65 5
269 127 5
269 134 5
269 136 5
269 153 5
269 194 5
269 199 5
269 215 5
269 286 5
269 306 5
269 483 5
269 484 5
269 490 5
269 495 4
269 507 5
269 511 5
269 520 5
269 530 5
269 582 5
269 605 4
269 610 5
269 611 5
269 641 5
269 654 5
269 656 5
269 705 5
269 855 5
269 923 5
270 1 4
270 7 3
270 9 4
270 13 3
270 19 2
270 50 4
270 93 3
270 100 3
270 118 3
270 125 4
270 150 3
270 181 4
270 221 2
270 235 2
270 248 2
270 257 4
270 258 4
270 276 3
270 283 3
270 284 2
270 285 3
270 286 3
270 293 4
270 294 3
270 295 2
270 360 3
270 458 3
270 471 2
270 475 3
270 508 3
270 544 2
270 546 2
270 813 3
270 824 2
270 919 2
270 950 2
270 952 2
271 1 4
271 8 4
271 50 4
271 94 3
271 95 4
271 99 4
271 140 2
271 225 3
271 404 4
271 418 3
271 477 3
271 501 3
271 596 3
271 768 4
271 878 1
271 932 4
271 969 4
272 1 5
272 2 3
272 3 5
272 4 5
272 7 5
272 11 2
272 12 5
272 21 4
272 24 4
272 27 4
272 28 5
272 29 3
272 33 5
272 38 4
272 41 4
272 43 4
272 49 4
272 51 4
272 56 5
272 63 4
272 64 5
272 66 4
272 68 4
272 69 5
272 71 5
272 72 5
272 73 4
272 78 3
272 79 4
272 80 5
272 82 3
272 88 5
272 90 4
272 94 4
272 97 5
272 99 5
272 101 5
272 109 4
272 117 4
272 118 4
272 120 3
272 121 5
272 122 5
272 123 4
272 132 4
272 135 5
272 141 5
272 151 4
272 161 5
272 168 5
272 172 4
272 173 5
272 174 5
272 175 5
272 177 5
272 181 5
272 183 4
272 185 5
272 186 5
272 193 5
272 195 5
272 196 5
272 204 5
272 210 4
272 215 5
272 217 2
272 218 5
272 226 5
272 228 4
272 229 3
272 232 3
272 233 5
272 234 5
272 239 5
272 240 4
272 250 4
272 254 4
272 255 4
272 258 5
272 260 2
272 271 2
272 288 5
272 313 5
272 318 5
272 323 4
272 343 2
272 355 4
272 358 5
272 362 4
272 365 4
272 368 4
272 370 4
272 373 4
272 374 4
272 375 4
272 378 5
272 380 3
272 384 3
272 386 4
272 391 4
272 392 4
272 393 4
272 395 3
272 400 4
272 401 3
272 404 5
272 411 3
272 416 5
272 417 3
272 418 4
272 431 4
272 443 5
272 449 3
272 465 4
272 473 5
272 475 4
272 477 4
272 485 4
272 496 5
272 501 5
272 541 2
272 546 4
272 548 5
272 550 5
272 552 4
272 559 4
272 561 2
272 562 4
272 567 2
272 568 4
272 569 4
272 576 4
272 577 4
272 578 4
272 584 4
272 588 5
272 597 4
272 609 3
272 625 3
272 633 5
272 655 5
272 665 3
272 672 2
272 685 5
272 689 3
272 715 4
272 720 3
272 739 4
272 742 5
272 743 3
272 746 5
272 747 5
272 751 4
272 755 4
272 756 3
272 758 3
272 760 3
272 763 3
272 768 5
272 771 4
272 780 2
272 790 3
272 796 4
272 810 4
272 826 4
272 834 5
272 877 4
272 890 2
272 895 2
272 924 5
272 928 5
272 930 4
272 931 4
272 940 4
272 946 4
272 951 4
272 977 4
273 7 4
273 9 4
273 10 3
273 14 4
273 25 4
273 116 4
273 124 4
273 129 4
273 137 3
273 242 4
273 257 4
273 275 4
273 276 4
273 293 4
273 302 4
273 303 4
273 319 3
273 327 3
273 547 3
273 813 4
274 7 4
274 8 5
274 11 5
274 12 5
274 13 4
274 14 5
274 15 4
274 22 5
274 23 5
274 26 4
274 42 4
274 44 5
274 45 5
274 48 5
274 50 5
274 52 5
274 58 5
274 60 5
274 61 5
274 64 5
274 66 4
274 68 4
274 69 4
274 70 4
274 71 4
274 72 4
274 73 5
274 76 4
274 77 4
274 79 5
274 83 5
274 86 5
274 87 5
274 88 4
274 89 5
274 92 4
274 97 4
274 98 5
274 99 5
274 100 5
274 107 5
274 116 5
274 117 4
274 121 4
274 131 4
274 132 5
274 134 5
274 135 5
274 136 5
274 141 5
274 150 4
274 161 4
274 168 5
274 170 5
274 171 5
274 172 5
274 173 5
274 175 5
274 176 5
274 178 5
274 179 5
274 180 5
274 181 5
274 182 5
274 183 5
274 191 5
274 192 5
274 193 5
274 194 5
274 195 5
274 196 5
274 198 5
274 203 5
274 205 4
274 207 4
274 208 5
274 210 5
274 211 5
274 212 4
274 215 5
274 216 4
274 218 4
274 221 5
274 227 4
274 230 4
274 234 5
274 237 4
274 238 5
274 244 2
274 248 4
274 252 4
274 257 4
274 258 5
274 265 5
274 274 4
274 275 5
274 276 4
274 282 5
274 283 4
274 285 5
274 288 5
274 289 4
274 291 4
274 293 4
274 298 4
274 302 4
274 313 5
274 315 4
274 316 5
274 317 5
274 322 4
274 326 4
274 346 4
274 356 4
274 380 4
274 382 5
274 385 4
274 410 4
274 414 5
274 416 5
274 418 4
274 419 4
274 430 5
274 434 5
274 435 5
274 436 5
274 461 4
274 462 5
274 463 5
274 470 4
274 474 5
274 475 5
274 478 5
274 480 5
274 481 5
274 483 5
274 484 5
274 486 5
274 488 5
274 489 5
274 490 5
274 491 5
274 493 5
274 495 4
274 496 5
274 497 4
274 498 5
274 499 5
274 503 4
274 506 5
274 507 5
274 508 4
274 511 5
274 513 5
274 514 5
274 517 4
274 518 4
274 519 5
274 520 5
274 521 5
274 525 5
274 526 5
274 527 5
274 528 5
274 529 4
274 530 4
274 553 4
274 566 4
274 584 4
274 591 5
274 601 5
274 602 5
274 603 5
274 604 4
274 605 4
274 607 4
274 610 5
274 614 5
274 615 4
274 618 4
274 628 5
274 633 5
274 641 5
274 642 4
274 646 5
274 648 5
274 649 4
274 651 5
274 653 4
274 657 5
274 659 5
274 660 5
274 661 5
274 664 4
274 676 4
274 684 4
274 685 4
274 692 4
274 696 5
274 697 4
274 699 5
274 705 5
274 707 4
274 708 4
274 709 5
274 735 5
274 736 5
274 744 4
274 756 4
274 789 5
274 792 5
274 836 5
274 848 4
274 921 5
274 923 5
274 939 4
274 943 4
274 945 5
274 963 5
274 966 4
274 971 4
274 996 3
275 70 5
275 100 5
275 127 5
275 259 3
275 286 5
275 313 5
275 381 5
276 4 4
276 26 3
276 33 2
276 56 4
276 63 3
276 67 3
276 72 3
276 73 4
276 80 3
276 83 4
276 88 4
276 168 4
276 173 4
276 175 4
276 186 4
276 202 3
276 204 4
276 209 4
276 211 4
276 216 4
276 232 3
276 238 4
276 239 4
276 288 4
276 294 3
276 300 3
276 328 3
276 343 4
276 367 3
276 386 3
276 435 4
276 579 3
276 648 4
276 655 4
276 692 3
276 710 3
276 712 3
276 715 4
276 734 3
276 738 2
276 748 3
276 765 3
276 781 3
276 790 3
276 792 4
276 890 2
276 944 2
276 999 4
277 20 5
277 25 3
277 36 4
277 49 4
277 88 5
277 90 4
277 237 5
277 255 4
277 282 5
277 289 5
277 294 4
277 369 4
277 553 4
277 709 3
277 722 4
277 731 4
277 732 4
277 756 4
277 781 4
277 846 4
278 1 5
278 7 4
278 17 4
278 23 5
278 26 4
278 28 3
278 40 4
278 42 4
278 48 4
278 50 5
278 65 4
278 69 3
278 72 3
278 77 3
278 79 4
278 81 4
278 93 5
278 98 4
278 111 4
278 122 2
278 134 5
278 143 4
278 145 2
278 151 3
278 160 5
278 161 4
278 188 3
278 196 3
278 216 4
278 218 4
278 219 5
278 222 4
278 231 3
278 237 4
278 238 5
278 255 4
278 276 4
278 282 5
278 288 4
278 300 4
278 318 5
278 327 4
278 340 3
278 350 5
278 354 3
278 357 5
278 367 4
278 369 2
278 381 4
278 392 4
278 403 4
278 410 4
278 412 2
278 427 5
278 447 4
278 451 3
278 467 4
278 469 3
278 518 3
278 568 4
278 591 5
278 604 4
278 616 4
278 655 4
278 658 4
278 673 4
278 684 3
278 743 3
278 763 4
278 843 4
278 866 4
278 959 4
278 975 4
279 1 4
279 8 4
279 24 3
279 28 4
279 31 4
279 50 4
279 54 3
279 55 4
279 58 4
279 66 3
279 70 3
279 71 4
279 79 4
279 82 3
279 88 4
279 89 4
279 95 4
279 96 4
279 97 3
279 100 4
279 101 3
279 108 2
279 111 3
279 117 4
279 118 4
279 121 3
279 122 2
279 127 4
279 133 4
279 135 4
279 144 4
279 147 3
279 148 3
279 153 4
279 161 3
279 164 4
279 168 4
279 172 4
279 173 4
279 174 4
279 175 4
279 176 4
279 177 3
279 179 4
279 180 4
279 181 4
279 182 4
279 183 4
279 185 3
279 187 4
279 188 3
279 189 4
279 190 4
279 195 4
279 197 4
279 198 3
279 201 3
279 204 4
279 209 4
279 210 4
279 211 4
279 213 4
279 215 4
279 216 4
279 228 4
279 230 3
279 241 3
279 248 3
279 249 4
279 255 3
279 257 4
279 258 4
279 261 2
279 264 3
279 265 4
279 266 3
279 270 5
279 272 4
279 274 4
279 281 3
279 282 4
279 286 4
279 288 3
279 294 3
279 295 3
279 298 3
279 300 4
279 304 3
279 325 2
279 328 3
279 356 3
279 358 3
279 380 3
279 385 4
279 398 2
279 405 3
279 421 4
279 422 4
279 423 4
279 436 4
279 455 3
279 463 4
279 472 3
279 479 4
279 483 4
279 489 4
279 510 4
279 511 4
279 523 4
279 526 4
279 528 4
279 535 2
279 546 3
279 566 3
279 588 4
279 602 3
279 604 4
279 616 3
279 629 3
279 632 3
279 640 3
279 651 4
279 655 4
279 680 3
279 688 3
279 692 3
279 727 4
279 732 4
279 739 3
279 748 3
279 751 3
279 752 3
279 840 3
279 879 3
279 931 2
279 945 3
280 8 4
280 12 4
280 64 5
280 89 4
280 96 4
280 100 5
280 114 4
280 127 4
280 165 4
280 172 4
280 174 4
280 175 4
280 183 4
280 190 4
280 191 4
280 213 3
280 234 4
280 237 4
280 257 4
280 258 4
280 265 4
280 272 4
280 298 4
280 347 4
280 462 3
280 479 4
280 483 4
280 504 4
280 510 4
280 511 4
280 517 3
280 603 4
280 615 3
280 642 3
280 661 4
280 705 4
280 863 3
281 4 4
281 42 4
281 50 5
281 66 4
281 70 4
281 86 4
281 100 5
281 153 5
281 163 4
281 173 5
281 190 5
281 197 5
281 204 5
281 207 5
281 210 5
281 216 5
281 283 4
281 313 5
281 318 5
281 322 4
281 367 4
281 427 5
281 430 5
281 479 5
281 484 5
281 505 4
281 507 4
281 524 5
281 648 5
281 650 4
281 659 4
281 678 3
281 692 4
281 780 3
282 127 4
282 257 4
282 269 4
282 288 3
282 295 3
282 298 3
282 311 3
282 315 4
282 346 4
282 876 3
282 881 3
282 988 3
283 1 3
283 12 4
283 20 3
283 99 3
283 107 3
283 109 3
283 116 3
283 121 3
283 151 3
283 180 3
283 195 3
283 197 4
283 199 3
283 229 2
283 230 3
283 250 3
283 257 3
283 270 3
283 271 2
283 274 3
283 275 3
283 277 3
283 286 3
283 290 2
283 313 4
283 318 3
283 365 1
283 380 3
283 405 2
283 449 2
283 450 2
283 462 3
283 480 3
283 538 2
283 582 3
283 612 3
283 743 1
283 900 3
284 1 5
284 7 5
284 9 5
284 15 5
284 24 4
284 25 4
284 28 5
284 29 4
284 50 5
284 51 4
284 53 4
284 56 5
284 69 5
284 70 5
284 71 5
284 73 5
284 79 5
284 82 5
284 94 5
284 96 5
284 97 5
284 98 5
284 111 5
284 122 3
284 135 5
284 136 5
284 141 5
284 143 5
284 144 5
284 150 5
284 151 5
284 168 5
284 173 5
284 174 5
284 181 5
284 195 5
284 202 5
284 204 5
284 216 5
284 222 5
284 227 5
284 229 4
284 234 5
284 235 3
284 237 5
284 248 5
284 250 5
284 252 5
284 255 5
284 257 5
284 258 5
284 274 5
284 275 5
284 293 5
284 294 4
284 300 5
284 313 5
284 315 5
284 318 5
284 343 4
284 385 5
284 392 4
284 399 5
284 405 4
284 419 5
284 422 5
284 427 5
284 431 5
284 449 5
284 451 4
284 463 5
284 472 4
284 510 5
284 550 5
284 554 4
284 560 4
284 562 5
284 568 5
284 578 4
284 588 5
284 597 4
284 625 4
284 651 5
284 655 5
284 665 4
284 679 4
284 692 5
284 699 5
284 746 5
284 778 5
284 823 5
284 829 4
284 849 3
284 879 5
284 924 4
284 926 3
285 288 3
285 289 2
285 303 3
285 307 2
285 313 4
285 319 2
285 321 3
285 326 3
285 330 2
285 347 3
285 748 3
286 1 4
286 3 3
286 7 4
286 10 4
286 13 3
286 14 4
286 15 4
286 93 3
286 109 3
286 111 3
286 121 4
286 123 3
286 124 4
286 125 3
286 127 4
286 129 4
286 137 4
286 146 3
286 147 3
286 150 3
286 151 3
286 181 4
286 220 2
286 221 3
286 235 2
286 236 3
286 237 4
286 245 3
286 248 3
286 250 3
286 255 3
286 257 3
286 258 4
286 262 4
286 264 4
286 270 4
286 273 3
286 275 4
286 276 4
286 277 3
286 280 3
286 282 3
286 284 3
286 285 3
286 286 3
286 287 3
286 295 3
286 298 3
286 299 3
286 300 3
286 305 4
286 319 3
286 321 3
286 322 3
286 327 4
286 331 3
286 332 3
286 333 4
286 460 2
286 471 3
286 475 4
286 476 2
286 508 4
286 591 4
286 595 3
286 597 3
286 620 3
286 628 4
286 678 3
286 689 2
286 690 3
286 696 4
286 717 3
286 718 3
286 742 3
286 748 3
286 762 3
286 766 3
286 818 3
286 823 3
286 846 3
286 864 2
286 872 2
286 874 4
286 879 3
286 880 2
286 882 3
286 886 4
286 887 4
286 924 4
286 935 3
286 936 1
286 975 3
286 994 3
286 995 3
287 1 4
287 2 3
287 3 3
287 4 4
287 12 4
287 17 3
287 25 3
287 28 4
287 31 4
287 38 3
287 42 4
287 43 2
287 45 4
287 48 4
287 49 3
287 50 4
287 55 4
287 58 4
287 66 3
287 68 3
287 69 4
287 71 4
287 73 3
287 76 3
287 77 3
287 79 4
287 81 3
287 82 3
287 87 4
287 88 4
287 92 4
287 95 4
287 96 4
287 97 3
287 99 4
287 100 4
287 111 4
287 117 3
287 121 3
287 125 3
287 128 3
287 133 4
287 136 4
287 140 3
287 143 4
287 144 4
287 150 4
287 160 3
287 161 3
287 172 4
287 174 4
287 176 3
287 179 4
287 181 4
287 183 4
287 188 3
287 191 4
287 194 4
287 195 4
287 196 4
287 202 3
287 206 3
287 215 4
287 216 4
287 218 3
287 222 3
287 226 3
287 227 3
287 230 3
287 232 3
287 237 4
287 239 3
287 249 3
287 252 4
287 255 3
287 257 3
287 258 4
287 259 2
287 260 1
287 265 4
287 270 4
287 272 4
287 273 3
287 276 4
287 280 3
287 282 3
287 286 4
287 288 4
287 289 3
287 293 3
287 294 3
287 298 4
287 300 3
287 318 4
287 333 3
287 347 4
287 356 3
287 366 3
287 367 3
287 378 4
287 402 3
287 411 3
287 412 3
287 423 4
287 432 3
287 455 3
287 462 3
287 470 3
287 471 4
287 474 4
287 501 3
287 540 2
287 541 3
287 546 2
287 549 4
287 550 3
287 566 3
287 572 2
287 578 4
287 588 4
287 591 4
287 596 3
287 597 3
287 620 3
287 627 3
287 628 4
287 651 4
287 652 3
287 658 3
287 672 3
287 679 4
287 684 4
287 685 3
287 686 4
287 692 3
287 710 3
287 713 4
287 727 4
287 732 3
287 735 4
287 739 3
287 742 3
287 747 3
287 748 2
287 768 3
287 772 2
287 779 3
287 781 3
287 790 3
287 794 3
287 820 2
287 823 5
287 833 3
287 845 3
287 921 5
287 932 2
287 939 3
287 941 3
287 955 4
287 956 4
287 978 3
288 1 3
288 8 3
288 9 3
288 11 3
288 22 3
288 28 3
288 33 3
288 58 3
288 64 4
288 69 3
288 70 3
288 83 3
288 87 3
288 96 3
288 98 3
288 111 3
288 133 3
288 135 3
288 154 3
288 164 3
288 168 3
288 172 3
288 173 3
288 176 3
288 180 3
288 181 3
288 182 3
288 183 3
288 185 3
288 186 3
288 190 3
288 196 3
288 198 3
288 199 3
288 200 2
288 203 3
288 207 3
288 208 3
288 210 3
288 211 3
288 222 2
288 228 3
288 230 2
288 238 3
288 243 1
288 245 2
288 258 3
288 260 1
288 265 3
288 269 3
288 289 2
288 292 4
288 299 2
288 304 3
288 318 3
288 328 2
288 333 2
288 357 3
288 358 1
288 385 2
288 405 2
288 414 3
288 419 2
288 429 3
288 434 3
288 468 2
288 474 4
288 480 3
288 485 3
288 491 3
288 493 4
288 496 3
288 498 3
288 500 3
288 510 3
288 511 4
288 514 3
288 515 3
288 520 4
288 521 3
288 523 3
288 526 3
288 527 3
288 568 3
288 605 3
288 612 3
288 655 3
288 659 3
288 662 3
288 692 2
288 707 3
288 724 3
288 732 3
288 748 2
288 776 1
288 845 3
288 880 2
288 890 1
289 243 3
289 258 4
289 259 2
289 260 3
289 261 3
289 263 3
289 264 4
289 266 3
289 268 3
289 270 4
289 271 2
289 272 3
289 286 3
289 288 4
289 289 4
289 292 3
289 294 4
289 301 3
289 302 4
289 303 4
289 308 3
289 310 3
289 313 3
289 315 3
289 316 3
289 321 4
289 324 3
289 325 4
289 326 3
289 327 4
289 330 3
289 331 3
289 332 3
289 333 4
289 334 3
289 339 3
289 340 2
289 342 3
289 343 3
289 349 3
289 353 3
289 355 3
289 358 4
289 457 3
289 538 3
289 539 3
289 678 2
289 681 3
289 682 5
289 687 1
289 689 3
289 750 3
289 751 3
289 752 3
289 872 3
289 873 3
289 874 3
289 875 5
289 881 3
289 883 3
289 887 3
289 890 3
289 892 3
289 902 3
289 908 3
289 948 3
289 988 3
289 989 3
289 991 3
290 1 4
290 7 3
290 9 4
290 15 3
290 50 4
290 93 2
290 117 3
290 124 3
290 126 3
290 127 3
290 150 4
290 151 3
290 181 4
290 224 3
290 237 3
290 246 3
290 257 3
290 258 3
290 273 3
290 277 3
290 284 3
290 286 3
290 292 3
290 293 3
290 298 2
290 302 4
290 333 2
290 410 3
290 475 3
290 515 4
290 596 2
290 764 3
290 847 3
290 919 3
290 926 2
290 993 2
291 7 3
291 19 3
291 45 3
291 100 4
291 124 4
291 129 3
291 236 2
291 237 3
291 258 4
291 273 3
291 286 4
291 340 3
291 475 3
291 657 4
291 900 4
292 45 4
292 56 4
292 64 4
292 69 4
292 83 4
292 97 4
292 100 5
292 124 5
292 127 4
292 134 4
292 137 5
292 185 4
292 186 4
292 187 4
292 192 4
292 193 4
292 205 4
292 221 4
292 242 4
292 285 4
292 286 4
292 318 4
292 479 4
292 482 4
292 483 4
292 492 4
292 511 4
292 523 4
292 527 4
292 531 4
292 654 4
292 657 4
292 772 1
292 923 4
293 1 4
293 7 4
293 11 4
293 12 5
293 22 5
293 24 4
293 48 4
293 50 5
293 56 4
293 59 4
293 60 4
293 61 4
293 65 4
293 69 4
293 71 4
293 79 4
293 82 4
293 91 3
293 95 4
293 96 4
293 98 4
293 100 5
293 115 3
293 117 4
293 118 4
293 121 4
293 124 4
293 127 4
293 150 4
293 156 4
293 168 4
293 171 5
293 172 4
293 173 4
293 174 4
293 175 4
293 176 4
293 180 4
293 181 4
293 182 4
293 183 4
293 188 3
293 191 4
293 192 4
293 195 4
293 196 4
293 201 3
293 209 4
293 210 4
293 222 4
293 234 4
293 235 3
293 238 4
293 239 4
293 250 4
293 252 4
293 257 4
293 258 4
293 260 3
293 264 4
293 265 5
293 271 3
293 273 4
293 275 4
293 284 3
293 288 4
293 298 4
293 300 4
293 318 4
293 323 3
293 327 4
293 328 4
293 343 3
293 357 4
293 369 4
293 405 4
293 411 4
293 423 4
293 431 4
293 455 3
293 462 4
293 475 3
293 483 5
293 527 4
293 528 4
293 546 3
293 550 4
293 597 4
293 647 5
293 652 4
293 684 4
293 687 3
293 693 4
293 742 4
293 746 3
293 751 4
293 754 5
293 762 4
293 763 4
293 876 3
293 886 4
293 890 3
293 925 4
294 1 5
294 9 5
294 15 5
294 64 5
294 65 4
294 86 5
294 98 5
294 100 5
294 126 4
294 174 5
294 183 5
294 191 5
294 194 5
294 222 5
294 237 5
294 286 5
294 289 4
294 294 4
294 322 3
294 357 5
294 479 5
294 507 4
294 528 5
294 748 4
294 924 3
295 2 4
295 4 4
295 11 4
295 29 3
295 44 4
295 50 5
295 53 3
295 54 4
295 56 5
295 62 4
295 64 5
295 68 4
295 69 4
295 71 4
295 79 4
295 84 4
295 86 3
295 88 4
295 89 4
295 90 3
295 91 3
295 94 4
295 95 4
295 98 4
295 101 3
295 109 4
295 120 4
295 127 4
295 132 4
295 133 4
295 139 3
295 140 5
295 144 4
295 145 1
295 147 4
295 153 4
295 155 3
295 157 4
295 158 3
295 161 4
295 162 4
295 163 4
295 167 5
295 168 4
295 172 4
295 173 4
295 174 5
295 176 4
295 179 4
295 181 4
295 184 4
295 186 4
295 188 4
295 191 4
295 195 4
295 200 4
295 201 2
295 202 4
295 214 3
295 216 4
295 217 2
295 219 2
295 222 3
295 226 4
295 227 4
295 228 4
295 229 4
295 230 3
295 231 3
295 232 3
295 234 4
295 235 3
295 265 5
295 282 4
295 288 4
295 357 4
295 379 3
295 380 4
295 385 4
295 386 3
295 389 4
295 391 3
295 392 4
295 395 3
295 402 4
295 403 4
295 404 4
295 413 3
295 416 4
295 417 3
295 421 3
295 423 5
295 431 3
295 433 4
295 435 5
295 444 5
295 447 4
295 449 4
295 452 4
295 465 4
295 470 3
295 472 3
295 478 4
295 479 4
295 496 5
295 501 4
295 504 4
295 505 3
295 507 4
295 523 4
295 550 5
295 559 3
295 566 4
295 575 3
295 581 5
295 616 3
295 622 3
295 629 3
295 642 4
295 650 3
295 658 4
295 660 4
295 665 4
295 671 4
295 674 3
295 679 4
295 684 5
295 705 4
295 732 4
295 742 5
295 768 5
295 770 4
295 790 2
295 796 3
295 797 4
295 831 4
295 843 5
295 924 1
295 944 3
296 7 4
296 10 4
296 17 4
296 33 4
296 38 4
296 39 4
296 42 4
296 50 5
296 53 4
296 56 5
296 64 5
296 77 4
296 87 5
296 96 5
296 97 4
296 98 5
296 99 5
296 109 5
296 132 5
296 133 5
296 135 5
296 136 5
296 141 4
296 142 3
296 143 4
296 147 4
296 150 5
296 154 5
296 156 4
296 158 3
296 164 5
296 172 5
296 173 5
296 181 5
296 183 5
296 186 5
296 204 5
296 222 4
296 227 4
296 228 5
296 229 4
296 246 5
296 268 4
296 288 4
296 318 5
296 356 4
296 378 4
296 380 4
296 393 4
296 417 4
296 418 4
296 420 5
296 421 4
296 433 5
296 469 4
296 480 4
296 484 5
296 485 4
296 509 5
296 526 4
296 528 5
296 532 4
296 554 3
296 561 3
296 607 4
296 625 4
296 633 4
296 727 5
296 743 3
296 746 4
296 774 2
296 825 5
296 921 5
297 1 3
297 2 3
297 3 3
297 11 4
297 12 4
297 13 4
297 19 3
297 24 3
297 25 3
297 28 3
297 31 4
297 38 2
297 39 3
297 54 3
297 56 5
297 66 3
297 67 2
297 70 3
297 71 4
297 72 3
297 77 3
297 79 4
297 80 2
297 87 4
297 89 4
297 94 4
297 95 3
297 96 4
297 97 3
297 98 4
297 99 4
297 100 4
297 101 3
297 105 3
297 108 3
297 109 3
297 114 4
297 118 3
297 122 2
297 127 4
297 139 3
297 145 2
297 152 4
297 153 4
297 155 3
297 161 3
297 163 3
297 164 4
297 167 4
297 168 4
297 173 4
297 174 4
297 175 4
297 181 4
297 183 4
297 185 4
297 186 4
297 187 4
297 188 3
297 189 4
297 194 4
297 195 4
297 197 4
297 202 3
297 204 4
297 208 4
297 217 3
297 222 4
297 225 3
297 227 3
297 228 4
297 229 3
297 230 3
297 233 3
297 234 4
297 240 3
297 242 3
297 248 4
297 250 4
297 252 3
297 257 3
297 258 4
297 260 2
297 268 4
297 273 3
297 274 3
297 288 3
297 291 4
297 325 4
297 358 2
297 363 3
297 364 2
297 373 4
297 381 4
297 382 3
297 384 2
297 385 3
297 386 3
297 393 3
297 395 2
297 399 4
297 403 3
297 405 3
297 407 1
297 408 4
297 412 2
297 418 3
297 423 4
297 431 3
297 432 4
297 451 3
297 452 3
297 455 3
297 465 3
297 472 3
297 475 4
297 501 3
297 508 4
297 510 4
297 526 3
297 540 3
297 545 3
297 549 4
297 550 4
297 552 3
297 559 3
297 562 3
297 566 3
297 568 4
297 570 4
297 575 1
297 577 2
297 578 3
297 588 4
297 590 2
297 597 3
297 603 4
297 625 3
297 627 3
297 645 3
297 651 4
297 652 4
297 655 4
297 657 5
297 679 4
297 692 3
297 716 3
297 721 2
297 722 3
297 724 4
297 731 3
297 741 3
297 748 3
297 758 1
297 765 3
297 771 2
297 780 2
297 781 3
297 783 3
297 790 2
297 792 4
297 797 4
297 802 2
297 808 3
297 809 3
297 810 3
297 840 2
297 849 2
297 864 2
297 940 2
297 943 3
297 1000 3
298 10 4
298 11 3
298 12 4
298 23 4
298 32 3
298 50 4
298 53 3
298 54 3
298 56 4
298 59 4
298 61 4
298 79 3
298 83 3
298 89 4
298 98 4
298 121 3
298 124 5
298 127 4
298 136 4
298 137 4
298 144 3
298 150 4
298 151 3
298 156 4
298 160 3
298 164 3
298 168 4
298 171 2
298 172 4
298 175 3
298 176 3
298 182 3
298 183 4
298 186 4
298 187 4
298 191 4
298 192 3
298 197 4
298 202 3
298 203 4
298 204 3
298 210 3
298 218 3
298 222 3
298 228 3
298 229 3
298 258 3
298 262 3
298 271 3
298 275 3
298 288 3
298 293 3
298 302 4
298 340 3
298 381 4
298 425 3
298 435 4
298 443 3
298 447 3
298 448 3
298 449 3
298 464 4
298 474 4
298 475 4
298 483 4
298 484 4
298 486 3
298 489 4
298 512 3
298 515 4
298 522 4
298 525 4
298 548 4
298 554 2
298 558 2
298 594 2
298 607 3
298 628 2
298 631 4
298 649 3
298 652 3
298 656 3
298 664 3
298 675 4
298 693 2
298 754 4
298 772 1
298 806 5
298 887 4
298 919 3
298 922 3
298 933 1
298 985 3
299 7 4
299 8 4
299 11 3
299 12 4
299 50 5
299 69 4
299 87 5
299 97 3
299 117 4
299 132 5
299 153 4
299 157 4
299 176 5
299 177 4
299 181 5
299 182 4
299 183 5
299 191 5
299 193 4
299 194 5
299 198 5
299 202 5
299 207 4
299 210 4
299 213 4
299 215 4
299 238 5
299 251 3
299 271 3
299 272 4
299 275 4
299 295 3
299 300 4
299 301 4
299 312 3
299 313 5
299 318 4
299 326 3
299 357 4
299 414 5
299 425 3
299 427 5
299 463 5
299 474 5
299 482 4
299 483 5
299 484 5
299 486 4
299 497 4
299 511 5
299 514 4
299 516 5
299 520 4
299 521 5
299 530 5
299 539 3
299 605 3
299 651 5
299 657 5
299 661 5
299 663 5
299 690 5
299 692 4
299 742 4
299 750 5
299 879 4
299 886 4
299 887 4
299 902 4
300 1 4
300 3 4
300 8 5
300 9 5
300 15 4
300 25 4
300 28 4
300 30 4
300 39 4
300 42 4
300 43 4
300 44 4
300 45 4
300 50 5
300 56 5
300 58 4
300 59 5
300 61 4
300 62 4
300 69 4
300 70 4
300 72 4
300 77 4
300 83 4
300 88 5
300 89 4
300 94 4
300 97 4
300 98 4
300 100 5
300 116 4
300 118 3
300 120 2
300 125 4
300 129 4
300 133 4
300 135 5
300 143 4
300 147 4
300 159 5
300 164 4
300 172 5
300 175 4
300 179 4
300 181 5
300 196 4
300 204 5
300 208 5
300 210 4
300 211 4
300 216 4
300 217 3
300 223 5
300 234 4
300 235 3
300 238 4
300 244 4
300 245 3
300 246 4
300 250 4
300 252 4
300 255 4
300 257 4
300 268 4
300 274 4
300 275 4
300 276 4
300 281 4
300 282 5
300 283 4
300 284 4
300 285 5
300 287 4
300 294 3
300 298 3
300 300 4
300 301 4
300 304 3
300 316 5
300 319 4
300 325 4
300 381 5
300 386 3
300 387 4
300 393 4
300 396 3
300 405 4
300 407 3
300 412 3
300 421 4
300 448 3
300 464 5
300 469 1
300 471 4
300 472 3
300 475 4
300 476 3
300 479 5
300 498 5
300 509 4
300 514 4
300 517 4
300 522 4
300 529 4
300 531 4
300 535 4
300 553 3
300 559 3
300 568 4
300 569 4
300 584 4
300 611 4
300 619 4
300 639 4
300 640 4
300 660 4
300 662 4
300 665 4
300 699 5
300 709 5
300 714 4
300 721 3
300 729 4
300 735 4
300 739 4
300 742 4
300 762 4
300 768 3
300 775 3
300 780 3
300 781 4
300 815 4
300 821 3
300 827 4
300 836 4
300 845 4
300 930 3
300 964 4
300 971 4
300 988 2
300 996 3
